1.124586,1.491173
2.982154,0.275734
-0.367243,0.068235
1.216709,-0.804729
3.077832,0.307613
1.165453,1.627965
0.737648,1.055470
0.838988,1.355942
1.452510,-0.056967
-0.570093,-0.355338
2.530460,0.999303
-0.665868,-0.196121
0.710813,0.241071
0.599696,0.490842
1.756905,0.074770
0.948428,1.313416
0.686576,0.635707
0.169045,0.559267
-0.645616,0.161937
1.772816,0.110923
1.004103,1.808166
1.817261,2.176210
1.521861,-1.118359
1.290093,-0.202066
2.563616,1.242761
0.835404,1.812803
0.468426,0.625330
-0.419195,0.299635
0.735383,0.605209
0.782550,1.353771
1.970467,-0.003252
1.172105,1.246989
2.433691,1.223353
0.695042,0.232301
-0.061539,0.051762
2.993110,0.507699
1.988810,1.985430
0.592161,0.457385
1.350346,-0.168634
1.011141,-1.159968
1.931247,-0.103207
2.693758,-0.016679
0.531721,-0.702025
3.235707,0.177287
0.577723,0.635118
2.353569,1.775976
0.416551,0.465938
1.427520,0.005961
1.428862,1.714585
-0.478780,0.141369
2.677142,-0.066924
-0.632290,0.061571
0.974434,-1.246335
1.152169,1.629305
2.203837,0.676874
0.554224,-1.113267
2.550273,0.904051
0.609548,0.581776
1.197035,-0.799205
0.904214,-1.113876
-0.452592,0.113807
-0.281499,-0.024041
2.514409,1.922459
2.841594,1.038349
1.554287,0.215875
2.785861,1.239911
1.465351,0.008369
1.612219,-0.180406
2.774453,1.270605
2.307744,0.774772
0.808223,1.104468
0.631630,-0.850569
1.417017,-0.335954
2.113055,2.207774
1.404137,0.049908
1.353192,-0.190725
2.496578,1.104073
0.633561,1.683171
0.245876,0.330525
2.104492,1.885766
1.397412,0.080910
1.320331,-0.194039
1.784982,1.743702
0.671954,1.585754
1.049715,1.782946
1.114227,0.090860
1.969230,1.756834
1.337422,0.294788
0.617103,0.358686
1.731963,0.298304
2.795004,-0.289961
0.562529,0.345545
2.794966,-0.348621
-0.381529,-0.245980
0.630208,0.601540
2.092618,0.812665
1.550372,1.355604
2.669530,0.181334
2.043313,1.877532
1.888615,-0.930106
1.142346,1.721626
1.883817,1.791293
3.111789,0.003699
1.842611,1.814381
2.747956,0.951801
0.679501,-1.164908
1.734261,-0.244655
-0.989403,-0.470525
2.764974,0.149833
2.565758,1.099574
0.965712,1.543553
1.936222,1.952357
2.178191,1.587412
2.212071,1.723803
1.232809,-1.083260
2.721993,-0.643741
-0.315919,0.444347
1.049322,-0.023814
3.161220,-0.148479
1.534023,2.372998
0.994541,-0.987860
3.229417,0.017077
-0.753437,-0.089160
0.724658,0.351954
1.218241,-1.332869
-0.905868,0.530931
2.202934,2.066058
2.679959,-0.049467
1.332447,-0.755477
-0.007508,-0.238107
2.503964,1.994518
1.592859,0.137377
-0.515010,-0.053714
2.424026,0.944407
0.832960,1.448995
3.320953,0.286723
-0.453434,-0.472165
2.122531,1.836979
2.137401,1.902707
2.128043,0.861485
2.249659,1.021679
0.462230,1.605293
2.124909,1.202505
-0.207846,-0.045268
2.542512,0.884878
0.834083,1.577203
0.975289,1.896642
0.492046,0.594528
2.892891,0.635258
-0.450158,-0.025367
2.555048,1.773086
1.837554,1.832394
-0.494657,-0.057452
2.144594,2.291753
2.027156,2.089582
0.646983,-1.425451
-0.394702,0.090554
1.918278,0.236148
1.095555,1.504736
2.534670,1.063335
2.041092,1.987027
-0.119740,-0.329946
-0.191925,0.110790
2.958814,0.052573
0.934336,1.557380
2.042476,2.184754
-0.425500,0.173848
0.415409,0.369210
2.059286,-0.120617
2.286559,1.636868
1.056680,1.607979
2.611497,1.024231
0.199604,0.586629
2.931731,0.858006
2.906717,-0.283095
1.044243,1.528940
2.601183,0.858654
-0.713277,0.373096
-0.443859,-0.018090
2.608932,0.609959
1.805368,2.080098
0.056749,0.744309
2.754477,1.334231
2.060614,1.515347
0.267042,0.437517
1.149785,-0.151423
1.208743,-1.120311
2.463038,1.184448
3.080873,0.233635
-0.602741,0.010988
0.949440,1.532586
1.554399,0.051854
1.127736,1.908041
2.364541,0.776763
0.921051,-0.939404
2.679702,1.211421
0.288328,0.182844
-0.047113,0.582786
1.979323,1.650201
1.900944,0.260389
0.438537,0.474302
0.923284,-1.287582
1.464590,1.567018
1.062582,1.299335
0.952856,-1.060600
2.130389,-0.068192
-0.341351,0.106504
2.260087,1.908814
-0.392982,-0.110733
1.300653,1.612657
1.912847,1.973893
0.774670,1.516833
0.706988,0.611527
-0.283626,0.196017
0.410970,0.983032
1.411942,-1.158270
1.682394,-0.161607
0.704317,1.825848
-0.620741,-0.150472
1.043713,-1.007949
3.244857,1.233839
0.768218,0.157475
0.672099,0.461987
1.887348,1.898140
2.257527,2.076016
1.363191,1.790982
2.487675,0.992748
1.605020,1.205113
2.900539,0.632465
0.759875,1.450273
0.977831,0.287553
1.620996,-1.377097
2.747971,0.730181
0.796319,-1.115922
0.866790,1.250688
0.519368,0.479980
3.294533,-0.345947
1.105332,1.631831
0.297319,0.075744
0.699335,1.506837
1.351103,0.237192
1.799078,-0.048477
2.984185,0.354075
0.864827,-0.076039
-0.245313,-0.189962
1.779683,2.147932
0.969417,-0.661089
2.574630,1.167495
0.919409,1.489536
-0.327530,0.555250
2.991172,-0.005087
1.232446,1.739847
1.312452,-0.604693
2.118559,1.753320
3.076385,0.068745
2.221473,0.894942
3.048592,-0.132409
0.459198,0.220185
0.945758,1.406812
1.920791,1.955107
2.160622,1.119742
-0.437869,-0.061737
-0.462902,0.044869
1.521175,-0.369385
1.237147,-0.995906
1.615943,-0.185377
-0.645097,0.045716
-0.416609,-0.016699
-0.294199,-0.251502
1.759839,2.119053
1.301975,1.426557
1.991212,1.824928
2.913010,1.115794
2.059176,1.006927
-0.352694,0.399131
-0.808086,-0.098557
3.048341,-0.434759
1.470178,-1.221269
-0.310355,0.029753
1.895473,1.861316
1.084151,-0.114061
0.351303,-1.001347
0.920693,-1.137947
-0.576687,-0.245744
2.259874,1.858577
1.413685,1.447891
2.957202,0.069685
2.485877,1.113077
0.585054,0.842995
0.919037,1.560714
1.642557,-0.457624
1.314039,0.206758
0.893917,0.545990
-0.465353,0.194700
0.738591,1.560916
0.445085,0.603634
1.634967,-0.817750
1.952284,1.738865
-0.593400,0.079689
-0.367333,-0.091956
1.412026,1.440231
2.276004,1.939379
1.514223,-0.951826
1.303907,-0.241385
2.952505,-0.127212
2.780184,0.435778
2.739383,1.201706
0.329004,0.741393
0.664690,-1.051182
2.163823,1.934303
2.597053,1.165861
-0.584405,-0.047382
0.098392,0.121872
1.092511,-1.024123
1.994666,2.327400
-0.614458,-0.187212
0.625442,0.707406
2.709335,0.220626
0.503182,0.546834
2.119270,1.818172
2.628263,-0.092157
1.313147,-0.239549
0.735114,-0.904267
0.669763,1.616638
3.359993,0.995849
2.980544,1.112808
1.457075,0.092702
-0.254041,-0.046739
0.930126,0.153727
1.314987,1.282991
3.228572,0.379007
1.507927,-0.187080
1.635299,0.049475
1.307383,-0.935806
-0.485851,0.041889
3.128106,-0.144264
2.148021,1.932118
2.300703,2.232929
2.500963,0.637891
0.839235,-0.547265
1.428256,-0.042228
2.601182,1.129649
2.205154,2.023719
0.950340,-0.982703
1.720196,-0.136498
1.258762,-0.921655
1.833096,1.989038
1.617646,0.095989
2.058386,1.926142
3.455652,0.156257
0.834213,1.182816
1.566203,2.376255
1.792179,-0.022477
-0.719155,-0.124128
1.371759,-0.224922
2.209835,2.079196
1.331431,1.607173
1.970330,1.035260
1.996176,1.966068
0.848271,-1.007454
2.124090,0.942255
3.097120,0.214484
0.590870,0.501200
2.912364,0.798787
3.416715,-0.370866
2.427028,1.343569
0.683361,-1.190296
0.627409,0.604791
2.446230,1.048362
2.129385,1.327253
3.112792,-0.283292
2.101252,2.057829
1.383687,0.037151
1.180284,1.764235
1.925496,1.820982
1.519074,1.997763
0.913932,1.376369
-0.325432,0.164291
1.976790,2.314934
0.389015,-0.922260
0.855145,1.408404
-0.699363,0.089367
3.128636,-0.355559
1.305470,-0.241403
2.492703,0.910017
2.142912,2.015624
2.587870,0.961689
1.592444,0.372404
0.726755,1.676980
2.282931,1.923887
1.364524,-0.117845
2.318181,1.199027
1.035007,1.580051
0.111442,0.809372
-0.134658,-0.127526
-0.635220,-0.011312
1.120622,1.860361
0.996525,-1.077738
0.630453,0.602765
-0.429003,-0.136320
1.427531,-0.111213
2.811436,1.376252
1.133296,1.408538
1.181473,2.145810
2.724489,0.086597
1.889216,1.521990
2.364072,1.077801
-0.843548,-0.192096
1.573579,-1.124757
2.089934,0.603517
0.730510,-0.990078
2.182630,0.741459
2.739100,1.112183
0.848195,-1.298334
1.027701,1.735029
2.383977,1.415488
2.410192,1.213341
1.220009,-0.145257
0.727036,1.912137
1.937891,2.190954
1.493349,-1.052224
0.492691,0.525967
1.075285,-1.081708
1.697415,1.973864
1.380487,1.564477
1.672555,-0.033453
1.332910,-0.286799
1.127404,0.163851
-0.563827,0.090332
1.757213,2.163211
0.861548,1.633852
0.567959,-0.690520
1.754927,2.142168
1.330081,1.190661
2.859300,1.189779
0.892349,1.221683
3.626928,0.181125
0.716791,-1.412221
2.882428,0.145680
2.258307,0.630988
2.304062,0.772359
0.103434,0.223159
1.061248,1.157822
-0.289967,0.180346
1.917242,0.236709
2.231246,1.773689
1.982340,2.250369
0.729511,-1.139447
2.170729,1.537994
1.183691,-0.600321
2.400010,1.723959
1.841005,1.911338
2.144310,0.935640
2.119214,0.842619
0.894927,-1.057215
2.941361,0.272021
-0.210958,0.301731
0.101997,0.594522
1.389974,1.411804
0.994553,-0.915493
0.816988,1.604049
3.051282,0.447059
2.973448,0.336475
2.176591,1.370049
0.541995,0.600962
0.433846,0.642578
1.411990,-0.411016
-0.494029,0.121548
1.321409,-0.248925
0.452984,0.375116
-0.547869,0.243343
2.391373,0.720770
2.112452,0.864990
0.884218,0.384627
1.918381,1.937826
0.990880,-1.364576
-0.578367,-0.073581
3.142351,-0.019830
1.855279,2.228935
0.397573,0.938736
1.063130,-0.372088
-0.262435,-0.133885
1.247199,1.230994
-0.209500,-0.086193
3.477688,0.457943
1.697038,0.128265
2.034049,0.889378
-0.477164,-0.337330
2.325522,0.253520
0.480668,0.340973
2.832680,0.861620
-0.542949,-0.395518
1.929461,1.838571
2.287485,0.416792
2.218836,1.126888
1.918910,2.107816
2.021792,2.141252
2.890920,1.125219
1.366787,-1.016237
-0.279214,0.251256
1.633039,0.146025
-0.501860,0.192959
3.035634,-0.137099
1.040933,-0.919129
0.286292,0.400941
3.141561,-0.416568
-0.492614,-0.143350
1.481632,1.854935
3.046628,-0.219673
0.821965,1.798715
2.287497,2.115495
3.031704,0.065730
1.339025,0.085803
3.194755,-0.131585
0.813468,-1.084582
1.689675,-1.093939
3.084614,0.105131
2.402611,1.177865
0.556985,0.644055
0.663038,0.392887
2.571742,0.907776
1.045550,-0.685021
1.037817,1.281230
2.487220,1.519894
1.318739,0.042105
3.105632,0.058088
0.321176,0.566254
0.845973,1.328598
0.821284,1.660143
-0.682781,0.012337
0.632237,0.634964
-0.465465,-0.021573
2.360901,2.081598
0.431016,-1.104843
3.215355,0.408076
3.168382,0.000338
2.728268,0.532770
2.328170,2.123591
-0.776066,-0.085627
0.977967,1.281837
-0.358161,0.078421
2.242501,1.228264
0.057232,0.041776
0.942729,0.060628
3.406324,-0.058449
1.678135,0.001274
1.180353,-0.913497
2.955997,0.150790
0.533604,-1.097460
1.194450,1.714768
1.983110,1.768669
1.221854,0.102061
2.726151,0.152774
0.529502,0.593598
2.758052,0.122380
0.403686,0.327233
1.101561,1.813918
1.113124,1.640180
2.125355,1.058105
-0.179986,0.088788
3.029441,0.260348
2.467219,1.029024
1.129809,1.622411
1.666079,-0.273488
1.209268,-1.210641
2.029404,1.899977
-0.725246,-0.147826
0.819535,1.488754
0.893912,0.431946
1.829496,1.895437
0.888928,1.317899
0.536386,0.600121
0.852444,1.859190
1.080219,1.607734
2.942730,1.076972
1.585900,-0.181002
1.123110,-0.756199
1.308391,-1.109773
2.370579,1.070040
2.383435,1.009770
1.349905,-1.115548
0.265097,0.395911
1.147798,1.775308
-0.171600,0.017421
2.659904,1.004349
2.860329,0.461480
2.607855,1.359903
1.188140,-0.283114
2.408122,0.914828
1.029744,-1.084818
2.885962,0.985496
0.192672,0.469919
0.644604,1.736728
0.434981,0.423605
2.138332,1.956149
2.359551,2.090536
0.554059,0.389272
0.994997,1.313684
-0.136581,0.052380
2.852792,1.359320
0.283952,0.349560
1.306611,-0.040150
-0.467376,-0.120969
-0.358058,0.410134
0.689711,0.605770
1.113444,1.563308
2.372491,0.962507
1.484882,0.128835
1.233509,1.227945
3.429023,-0.085432
0.990192,-1.160301
2.359120,0.776937
2.765028,0.078667
0.283463,0.413946
2.204876,0.983621
0.975761,1.512743
2.904311,0.078958
2.377007,1.254227
3.140966,-0.581268
-0.386337,0.126264
1.405579,0.081838
0.865601,1.204687
1.895454,1.501607
2.813870,0.238988
0.016352,0.582057
3.296735,0.120192
2.067142,2.023550
1.042272,-1.213162
2.729862,0.755858
1.992729,1.221411
1.097653,-0.816937
1.471412,0.146847
0.270515,0.748840
1.235920,1.429306
1.121257,-0.817176
3.157011,0.232781
1.218032,1.784947
-0.227779,0.003665
0.826008,-0.914780
2.111077,2.263849
1.208927,0.562764
2.147678,2.038869
1.043943,-1.265705
-0.439388,-0.290579
0.852402,1.364594
1.457104,-1.139657
-0.396435,-0.258218
2.686666,1.149973
2.526199,0.967199
1.305187,-0.386814
-0.391635,0.337325
0.548684,0.735108
-0.543338,0.057637
0.740360,-0.599522
2.260952,1.217085
2.963961,0.296283
-0.569421,0.155929
0.361149,0.910316
3.048245,-0.352445
-0.296532,0.354806
2.877678,0.426759
3.041180,0.050309
-0.164679,-0.167446
-0.224534,-0.003305
2.194657,1.830662
1.113801,1.635158
1.229606,0.505110
1.595395,1.937396
2.451318,1.077314
3.200741,0.331795
1.946820,2.285583
1.337416,-0.785545
2.013509,0.162686
1.414652,-1.182028
-0.369812,0.317730
1.363181,-0.832391
1.167633,1.725165
1.243873,-0.775696
2.599328,0.870138
2.242210,2.234081
2.855776,0.393225
3.140930,-0.257590
2.962256,0.173142
3.180437,-0.289147
3.058919,0.402205
1.751305,-0.100792
2.858725,0.603110
1.920910,0.352947
0.713828,1.197340
1.291854,0.098572
3.139052,0.167080
1.524665,-0.910697
2.725842,0.303779
1.829287,-0.270799
2.733370,-0.013638
1.122161,2.095332
1.503568,-0.085965
0.758024,1.372243
2.048479,2.200364
2.977763,0.976886
2.513637,0.734341
0.880902,-1.125762
0.518961,0.675275
0.319381,0.597954
1.309544,-0.147285
0.622725,-1.351217
0.961156,1.535505
1.085218,-1.251333
1.105916,1.220447
2.424398,0.746116
3.095693,-0.063604
2.044660,1.723872
0.707503,-0.986976
0.673856,1.514749
0.475384,0.258550
0.242967,0.464286
-0.494210,-0.373558
-0.591355,-0.066461
1.653545,-0.095754
1.861495,1.802102
0.810893,1.636641
0.602463,-0.907278
2.590700,1.177093
0.503409,-0.926623
2.361428,0.899177
1.227857,1.249521
2.882421,-0.096269
3.214958,0.213898
0.814572,1.228669
2.496305,1.435299
2.749659,0.005654
2.528221,-0.456595
1.069493,1.626369
1.140165,0.266187
1.143660,-0.756888
3.270968,0.798807
0.645998,-0.987332
1.978896,1.864375
2.026225,1.152753
-0.304212,-0.222844
0.672552,-1.094017
1.409088,-1.362029
0.294625,0.466588
0.851587,-1.134121
2.031359,2.107956
0.700378,-0.722755
1.164664,1.414818
1.700298,-1.100501
2.669293,0.948847
-0.215224,-0.091599
0.715660,-0.806032
2.916456,-0.249416
0.545711,-1.022088
2.372617,0.971984
0.932496,1.890724
-0.585356,0.260896
1.419520,1.610623
2.791575,-0.042273
0.668493,0.515426
0.337739,1.075285
-0.808065,0.194320
0.115873,0.595479
1.700298,-0.301179
1.849867,-0.243876
1.163220,1.396086
0.197334,0.314500
0.957622,1.533898
0.579691,0.396418
1.152929,0.182869
2.895497,-0.246375
3.017391,0.106443
0.711002,0.153519
3.074257,0.199734
2.523885,1.201482
-0.649376,0.008292
0.860096,-1.140800
-0.541349,0.035781
1.569923,0.014587
2.005099,1.967132
2.469257,0.996393
0.726766,-1.371348
-0.394491,0.051277
1.197949,-0.925877
3.322601,-0.202684
-0.319102,0.351391
1.599525,1.288297
0.855006,1.302348
2.996635,0.408220
1.698538,0.041745
3.200304,0.333162
1.285614,-1.138570
0.327362,0.639417
1.954824,1.907387
0.302327,0.693532
0.934637,-1.117382
-0.821968,-0.219224
-0.240587,0.037686
0.348978,0.428660
1.298889,0.508905
1.538627,-0.813182
1.172461,1.987864
2.803436,-0.514107
1.090585,-1.351736
2.944517,0.391539
-0.419208,0.392299
0.255690,0.685895
-0.866970,-0.192232
1.586480,-0.278566
2.269969,1.194532
1.549910,-0.176453
1.113961,1.422012
2.211727,2.274784
1.043618,-1.394392
0.574859,0.396547
2.368282,0.946265
1.269213,0.103884
1.467837,0.226874
3.186734,-0.021433
0.579521,0.619672
2.771389,-0.067896
1.239032,-0.749010
2.007168,1.929505
0.707328,0.651403
1.323901,1.791615
1.486207,1.719393
2.895934,-0.368694
0.630976,1.691436
2.957082,-0.290232
2.285101,2.226785
1.679222,1.911067
0.536758,0.621529
1.002503,-0.904238
-0.836895,-0.254386
2.932637,0.264598
1.042452,-1.262055
1.976251,1.748299
-0.069305,0.165068
-0.910432,0.063274
-0.892431,-0.322365
-0.362864,0.226512
1.814224,2.390556
3.281283,0.092102
2.624118,0.199629
-0.191678,0.288665
1.353962,1.472592
-0.233362,-0.478784
1.627445,1.708511
1.830035,2.237457
0.674924,0.368042
0.341867,0.820396
1.963698,2.002965
1.175513,0.965062
2.655814,0.757086
1.837922,0.049821
1.506866,-0.092204
3.045545,1.343583
-0.586355,0.211040
0.549793,0.396281
1.029786,-0.893891
1.102758,1.575943
1.086780,1.456503
2.126543,1.262969
0.367246,0.385237
0.643347,0.361294
0.820209,1.686702
1.773430,1.512617
1.781132,0.283255
0.582501,0.411398
-0.133429,-0.106513
2.552850,0.895333
0.688727,1.404032
2.436070,0.747314
2.350144,0.967526
1.846232,1.937892
1.004842,1.468356
0.811407,-0.876771
2.125200,1.789844
2.301901,0.948853
2.014243,0.736208
0.568085,1.134801
2.854588,0.252722
1.597838,0.407523
1.662237,0.304421
-0.159252,-0.051602
-0.566699,-0.023291
1.372490,-0.294699
2.208319,0.889984
2.876433,1.049962
-0.381209,0.565443
0.872301,0.493927
-0.952642,0.179548
0.337708,0.282214
0.835867,1.529024
0.550887,0.432913
2.000043,1.960892
0.357395,0.604998
1.943466,2.131315
2.946102,0.008349
2.546912,-0.486066
3.222621,0.027678
3.122664,0.071669
1.082572,-0.250407
1.016231,-1.005064
1.407500,-1.069668
-0.817589,0.135081
1.921044,1.791984
2.352514,0.904000
3.043214,-0.160540
1.209531,1.579766
1.744245,2.045242
0.962173,1.750062
1.187099,-0.988598
3.206181,0.413602
1.603239,-0.158027
-0.245901,-0.408604
0.846462,0.310414
1.959682,-0.103127
1.876483,1.929969
2.000940,1.036934
0.933653,-1.074913
1.930775,1.915582
1.894161,2.560736
-0.469091,-0.160780
1.004624,0.028776
1.826757,-0.019630
3.416503,-0.140847
1.747438,1.994940
2.959935,-0.450861
1.014673,-1.028378
0.282229,1.191110
0.404441,0.003793
1.753197,-0.102572
-0.485129,0.143386
0.431857,0.714674
2.122670,2.048119
2.880997,0.335745
-0.573570,0.213551
3.028357,0.223186
1.844867,2.211715
-0.723587,0.317549
3.100036,-0.516782
2.660628,0.801179
2.386340,1.005534
-0.442566,0.084163
1.845012,2.497145
0.454787,0.660680
0.842178,1.686327
1.156493,-1.274911
0.737467,1.114273
2.607212,1.106391
-0.299795,0.084857
3.076291,-0.115836
2.219445,1.831767
1.995173,1.900950
0.686576,0.337618
0.556717,0.682832
0.659101,1.778419
2.983125,0.192970
0.540400,0.669662
1.951713,2.253742
2.831802,0.661166
1.751722,1.826278
-0.554428,0.104493
0.781396,-1.081774
0.799088,1.315590
0.642688,-1.398603
0.357191,0.551324
2.708783,0.703764
1.281591,1.480759
1.201362,-1.127926
-0.161481,-0.002433
0.384248,0.446510
1.763962,1.915944
1.010186,-1.225467
1.705808,2.069777
2.310629,0.859884
2.100652,-0.022124
1.448964,1.627323
3.026564,0.448837
0.343797,0.653055
-0.717418,0.288444
1.131467,-1.585350
1.108767,1.400330
1.572237,-0.118222
1.862417,2.001279
1.283432,-1.156977
1.344009,1.150548
1.570333,0.048528
0.883674,0.304765
-0.805108,0.079930
0.588098,0.584978
2.264224,2.127612
0.314828,0.486938
0.582013,-0.251523
1.889719,1.732793
0.559519,-1.125439
0.555637,0.699944
-0.441038,0.123628
0.526628,0.585538
2.616902,0.077261
1.265075,-0.080676
2.348532,1.994784
0.665759,1.706872
0.474631,0.439514
2.168937,2.332968
-0.692087,0.183175
2.516802,1.075907
2.909683,0.587947
1.204018,-1.259390
1.221717,1.976755
2.458350,0.537091
2.111795,1.869334
1.077616,1.462774
1.700099,1.886424
0.604895,1.835052
1.342392,0.563147
-0.677277,-0.080879
1.753557,2.186625
-0.852463,-0.076576
-0.601579,-0.036095
0.073818,0.796875
2.808892,0.855552
1.384974,-0.232877
0.805658,-1.293014
-1.042590,0.205720
1.606243,0.133425
1.893104,2.221523
0.829738,1.627264
1.095431,-0.989155
2.809329,-0.285657
-0.705080,-0.326283
1.145168,-0.884347
2.511985,1.223716
-0.653924,0.347489
-0.448583,-0.090503
2.993134,0.757394
2.982112,0.047418
1.196142,-0.958064
-0.608213,-0.102970
2.666638,1.317034
0.585188,0.379880
1.096331,1.387308
2.283961,1.898286
0.225362,0.514180
2.623917,1.026799
3.220276,-0.175549
1.571856,-0.128395
2.143472,0.611450
0.468624,1.685157
-0.692463,-0.110080
1.046017,-0.189134
-0.527896,-0.086504
1.483203,-0.242474
-0.264716,-0.051338
1.556083,0.312612
1.055892,1.811836
0.833073,-1.361945
1.195201,-1.005349
2.827485,0.368764
0.621953,0.369871
2.136865,1.822561
-0.689859,-0.163300
1.048852,1.294881
1.178839,-0.481614
0.286739,0.441990
-0.205142,-0.102273
1.595149,-0.494149
3.303000,0.127080
1.009735,0.806818
1.378722,0.388616
-0.024128,0.554256
1.614125,-0.123734
0.752896,1.450680
1.160858,-0.792472
1.967924,2.048994
0.696835,0.048279
0.916432,0.265644
0.844316,-0.931933
3.116549,-0.305354
0.553295,0.209927
0.455356,0.695059
-0.521364,-0.041960
2.207532,1.889295
0.714386,0.791815
-0.372714,0.126445
-0.638913,0.103924
1.550842,0.173265
2.747236,-0.227558
0.783613,-1.212171
-0.444821,-0.034483
-0.604487,0.206920
-0.564974,-0.008150
1.268312,-0.250560
0.940123,0.921110
2.499281,1.186163
1.577899,1.724817
2.786228,0.067686
2.339315,2.489490
2.055833,1.599671
2.234842,2.076996
-0.555662,0.052740
2.280889,2.194427
-0.669910,-0.382920
1.712143,2.030168
2.068406,2.386837
-0.184947,-0.107785
1.779934,2.037149
2.349133,0.858854
2.579872,0.931850
2.301094,2.130169
3.282511,0.190935
0.735725,-0.872469
3.252801,-0.003993
1.414916,-1.167125
2.719589,1.070144
0.726633,1.543161
1.451015,-1.052259
0.842816,1.172994
3.333532,-0.134305
1.512670,-1.018339
1.042158,-0.993865
1.731796,2.142265
3.059286,-0.026532
3.063932,0.138657
2.599944,0.715480
1.710894,0.237229
0.673697,-1.206144
2.038132,2.032252
-0.252986,0.150592
2.490027,0.881744
2.029779,2.140447
3.057840,-0.804998
2.866726,0.068561
2.788994,-0.219100
1.062439,1.218307
1.178374,1.226260
2.292121,2.148093
2.052206,2.461268
-0.472510,-0.626595
1.875203,1.593617
1.191775,-1.132237
0.999317,1.443346
1.190430,0.305852
3.283220,-0.233837
0.577366,0.502853
0.392645,0.305231
2.589318,-0.415201
1.276738,-0.017075
1.340597,-0.001384
1.875635,2.023012
1.027377,1.491738
2.825851,0.831821
1.054032,1.429323
0.006607,0.834041
1.942183,2.101098
1.089758,-1.156326
-0.710787,0.205454
1.747230,2.092050
0.840845,0.216558
1.100839,-1.125734
2.952000,0.382671
0.793982,0.697986
1.773210,2.273715
0.702455,-1.039304
2.002049,1.819884
0.621462,0.712321
2.467729,0.695768
1.114406,0.201034
2.665790,1.038602
1.372828,0.352324
2.034111,0.909316
1.665787,1.899211
0.927521,1.071629
2.728348,0.224164
0.636272,0.639865
0.992302,-1.331051
-0.068833,0.357943
0.568015,0.052313
2.246169,2.138251
-0.345779,0.190712
2.684380,1.021330
0.219493,0.252749
1.091877,-1.326788
1.104798,-0.591951
1.094413,-0.502176
0.847459,0.472568
1.135544,1.406501
1.958157,2.274504
3.083196,0.147965
0.653952,1.312283
2.024029,1.849215
1.072702,1.989755
1.151576,1.049167
0.630794,1.184841
0.536798,0.709143
2.579816,1.099122
1.108543,1.499727
2.064882,2.071686
1.989744,2.286608
2.928726,-0.066426
2.632153,0.872596
0.602745,0.481215
-0.887179,0.079976
-0.187525,0.027910
2.032980,1.924963
0.987557,-0.194303
0.632674,0.691354
2.091484,2.228953
-0.478659,-0.209413
0.371505,0.177777
3.119412,0.007774
1.321953,-0.121427
2.362038,2.294027
0.654574,-1.170013
2.722637,-0.693653
-0.531031,0.271155
-0.585188,-0.173200
3.372721,0.151319
1.290716,-0.008768
2.596135,1.160021
2.394159,1.097523
0.702672,0.058328
1.469754,-0.791635
-0.502511,0.189505
2.842319,0.241369
1.066095,-0.965946
1.051528,0.190734
0.732318,0.415351
0.986298,-1.000104
1.713440,0.048821
1.825235,2.057210
-0.680062,0.405194
1.904697,2.479141
2.222633,1.125738
3.036447,-0.126931
0.039629,-0.141636
1.232601,-0.811852
2.366035,0.396842
3.112995,-0.003721
-0.425817,0.141253
2.787835,-0.284115
3.043278,0.032541
2.869278,0.536038
-0.678855,0.030222
3.032966,-0.085294
1.047272,1.725779
0.803138,-1.257984
1.327885,1.552626
1.372737,-0.972587
2.044592,-0.064258
0.612929,-1.329192
3.150782,-0.084305
0.739546,0.464870
2.865224,0.417286
2.898152,0.800270
0.640651,0.499702
3.361124,-0.615370
1.213673,1.755135
-0.378986,-0.118284
3.040908,0.127264
1.010478,-0.947299
1.644458,-0.616415
0.375891,0.572289
1.243251,-0.335093
0.793178,1.798835
2.183365,2.111289
0.605093,0.628631
-0.598798,-0.181705
-0.845116,0.218455
1.209767,-1.123169
0.365265,0.349101
2.108246,0.716475
0.488195,0.269001
0.748807,0.502493
1.374270,0.209359
1.967975,1.944315
0.730028,-1.192078
2.086192,2.176769
1.327688,-0.702359
1.465170,0.258466
2.728961,0.202296
-0.370242,0.061287
1.023133,1.527836
-0.447931,0.104107
1.294411,-0.406652
0.806653,1.768626
0.846781,1.248678
3.107147,0.277041
-0.755753,0.092849
1.629704,-0.009606
2.547921,0.646450
3.342726,1.114652
0.740579,0.064498
2.444241,0.595637
1.188276,1.811472
0.932933,-0.768299
1.624115,-0.061049
1.017917,1.074260
1.976913,1.935880
2.473612,0.960856
-0.355644,-0.368052
3.015779,-0.564035
2.339617,1.071135
-0.729569,0.268279
1.795973,2.246630
1.512414,-0.176707
2.854892,0.408189
1.702282,-0.191395
3.069199,-0.468863
1.306679,0.168467
-0.447314,-0.097326
1.536608,0.192531
1.549058,2.293182
-0.317255,0.407358
1.964172,2.061757
2.562885,1.150857
1.886320,0.825948
2.773031,1.030656
0.621488,0.777485
-0.493260,0.390639
1.276575,1.519926
-0.504664,-0.163225
3.027192,0.619643
-0.663324,-0.173744
0.344612,0.817975
-0.957937,-0.179447
2.311759,0.980783
1.571923,-0.259232
1.228891,0.427277
2.482424,0.947781
1.635867,-0.116533
0.234747,0.436424
0.203948,0.561812
1.778390,2.341008
1.433753,0.031918
1.955525,2.466548
0.329324,0.736759
3.126881,0.563303
2.813003,0.457753
0.373922,0.614076
1.926885,0.129320
2.745685,0.814257
-0.292603,0.137024
0.798004,1.688434
0.401090,0.262058
2.292649,0.928597
2.263288,0.764229
0.811262,-0.803250
3.049415,0.421447
1.309124,1.433788
2.890659,0.085243
1.166398,-1.297865
2.334082,1.881378
2.354576,0.966988
1.576120,-0.265808
1.480261,0.256568
-0.697255,-0.002365
-0.587738,0.251814
0.559863,-1.234036
2.138663,2.177979
2.638395,0.875836
0.433658,-0.820506
0.311394,0.340062
1.005144,2.046459
-0.643433,-0.244808
2.883831,-0.261735
1.350651,-0.152970
1.072808,1.664383
-0.436657,-0.496461
-0.311343,-0.243762
-0.595113,0.318341
2.229341,1.685051
1.078808,1.463695
2.061606,-0.228928
0.195974,0.643793
2.965639,-0.260823
-0.307699,0.002220
2.132280,2.078188
2.464138,0.769675
-0.583146,-0.000175
1.852253,2.288376
-0.468083,0.149810
1.818595,0.308933
0.174161,0.820172
2.698176,0.945292
0.594050,1.414092
1.053643,1.601894
0.517333,0.467427
2.657572,1.006491
3.126642,0.032987
2.907415,1.401880
1.646662,-0.821219
-0.033716,-0.254834
1.080132,0.189583
-0.627399,-0.219408
0.968656,-1.586140
0.596053,-0.663945
1.877796,2.189598
1.607563,-0.292165
1.303226,-1.223879
1.938946,0.292564
1.371713,-0.914620
-0.444348,0.126691
1.237452,0.254202
3.090821,0.477512
-0.621838,-0.074555
0.944145,0.448715
2.680191,0.989127
2.141339,1.114508
0.615702,0.336231
1.609695,0.260353
2.779095,0.910814
0.754662,-0.835432
1.450984,1.555258
1.188489,1.273480
0.709800,1.273885
0.605764,0.489630
2.983586,0.073600
1.712811,0.363990
2.712149,1.349164
1.311410,-0.929843
2.298372,2.169936
0.626324,-1.255985
1.517352,1.869574
2.297051,2.162852
2.256009,2.028524
0.515918,0.539089
2.035542,1.225284
0.595786,-1.387822
-0.468623,0.104457
1.663967,-0.047406
1.930167,0.112740
1.003327,-1.217077
1.123018,-1.073310
2.169609,0.229532
1.170971,-0.805825
0.579957,0.369357
2.698000,1.040175
-0.287040,0.087048
0.976692,0.499199
2.314202,1.099665
1.611676,-0.206435
1.209107,1.544157
2.668588,0.888834
0.584627,1.652468
3.038242,0.351314
-0.574011,0.121343
1.450791,-1.070961
0.409838,0.487391
2.456072,1.263295
1.813201,1.935113
1.163528,-1.224134
0.811841,0.444391
2.933712,0.052070
2.222480,1.918759
0.887962,1.561404
1.009758,0.075907
0.725828,0.105203
3.320156,-0.081197
1.971637,1.924263
1.948848,1.827991
1.959121,1.871865
2.006749,1.325186
-0.434138,-0.111571
0.825961,-1.204472
1.380887,-0.970891
-0.388953,0.266316
0.898894,-1.057684
2.965766,-0.353074
1.190518,1.419214
0.541035,0.261723
0.893763,0.107486
2.007399,1.198925
-0.773577,0.190080
0.719004,-1.464493
0.776306,0.662545
0.407168,0.581193
1.970041,0.179686
0.207702,-1.018351
2.018746,0.163619
-0.260834,-0.164699
-0.378751,-0.379259
0.574431,-1.312609
0.688622,-1.135459
0.567876,-1.476197
2.834505,-0.014868
2.375924,1.222850
1.962103,0.864865
1.482452,1.406906
1.264157,0.306731
0.518897,0.670721
1.617453,0.446878
0.881866,-1.092282
1.574907,-0.011209
0.694826,0.326772
2.920185,0.419530
-0.581613,0.317608
-0.504239,0.212511
-0.477096,-0.504593
2.035919,1.998973
-0.273406,0.091257
0.491624,0.705916
2.676786,0.773289
1.192774,1.669974
0.530354,-1.116658
1.038554,-1.009662
3.028332,-0.263762
1.825555,1.912454
3.040597,0.149915
1.269606,0.086620
-0.476586,0.129256
2.571431,1.178517
2.255572,1.042667
2.044373,2.477329
-0.317457,0.008582
2.505467,0.785714
2.709819,1.056049
1.875623,-0.062894
2.873550,-0.262617
0.370725,-1.016276
-0.278083,0.172939
2.774141,0.984168
2.414703,1.136610
0.376984,0.447166
2.241611,1.995119
2.303525,1.386641
1.229889,0.015047
-0.118181,0.229679
0.103654,0.100710
0.963892,1.600615
3.174542,1.055295
0.770815,-1.067023
1.686007,0.106100
-0.098364,-0.328974
0.076404,0.717219
2.351035,0.840366
0.718269,1.113521
-0.745185,-0.187129
0.746600,0.308252
1.830365,1.827867
1.162967,-1.118168
1.731333,-0.142180
2.802569,-0.007923
3.195160,0.073244
1.403736,-0.116561
0.634935,0.209998
2.219279,2.090556
1.586297,-0.096316
3.126951,0.269289
2.270989,-0.002707
1.176278,1.459579
1.858214,2.420120
0.945019,-1.101494
2.867718,-0.277274
0.359683,0.692383
3.035520,0.108890
1.997113,2.157561
3.044531,-0.197057
-0.396038,0.201781
-0.063656,0.666278
0.933161,1.374946
2.904397,0.546173
0.768659,1.604422
1.371302,-0.013247
0.987860,1.524023
1.049908,-1.197445
-0.417457,0.147931
1.997737,1.150789
2.724571,1.180482
2.484011,0.454303
0.776990,1.624086
2.165043,1.705402
3.078782,-0.048384
0.480369,0.440650
0.827439,-0.637282
-0.694392,0.092904
-0.603760,-0.452366
1.572307,-0.104680
1.179381,1.545799
0.864827,0.648400
-0.630569,-0.394787
1.057532,1.614051
2.447831,0.031006
1.750242,-0.780527
1.322826,-0.375447
3.467267,0.138002
1.920299,0.060399
0.532354,0.728531
2.143077,2.216984
-0.686814,-0.371983
-0.397761,0.037536
2.450606,1.137193
1.986774,0.147109
2.523772,1.280866
1.886174,2.164109
2.271532,-0.190826
1.020966,-1.051484
-0.433483,0.102245
1.340293,0.165920
0.804475,0.696408
1.760154,-0.314860
-0.751328,0.357873
1.019333,1.273277
1.135978,1.118343
0.833695,-0.897522
0.903045,1.094174
1.270412,0.155970
3.252963,-0.205267
-0.062794,-0.096272
0.984469,-0.703189
1.717925,-0.271531
1.343709,1.415316
0.303532,0.593369
2.548824,1.139203
-0.206235,-0.352239
0.750458,0.301439
-0.447707,0.367352
0.089849,1.029129
0.817531,1.843620
0.812603,1.227717
1.104004,-1.057073
1.700735,-0.265028
-0.589529,-0.098832
2.049755,1.662380
1.365429,0.933620
2.113658,0.044353
0.511943,-0.333625
3.332088,0.874430
0.426352,0.174110
2.308851,1.198976
1.518586,-0.591846
0.968502,1.687072
3.305983,0.184604
3.258393,-0.225309
-0.413941,0.264373
0.766685,-1.359619
1.019430,0.211361
2.932584,0.346967
1.356859,0.177178
-0.234131,0.158373
3.210415,-0.469333
2.145219,1.933863
2.359877,1.011683
2.650138,1.009783
0.936376,0.406376
2.395261,0.976216
0.848710,1.385359
2.289984,1.906225
-0.541641,-0.029692
2.270498,0.679779
0.553163,-0.969107
1.165113,-0.900052
0.783272,1.349288
2.722754,1.197101
1.938035,1.841683
1.202943,-0.614043
0.765667,0.173966
0.877673,1.335417
2.484034,2.210813
0.602975,0.303567
3.140722,-0.180213
0.965051,0.651085
0.595262,-0.074888
2.952393,0.637798
2.104906,1.917317
-0.119601,0.135745
1.064246,1.668306
3.000139,-0.038048
-0.397545,0.048480
1.095528,1.376937
2.167768,1.554904
-0.629498,0.069829
1.166366,1.627703
2.212740,-0.006057
0.837631,-1.135556
2.941495,-0.041751
1.994979,0.005853
1.557804,-0.379914
1.011517,-0.209262
2.119205,2.217230
0.221086,0.626746
-0.617027,0.343157
1.918402,-1.083745
1.154781,1.534606
3.227785,0.125237
1.669094,-0.078941
-0.445449,0.486794
0.927974,-0.633470
1.108622,1.165395
1.769622,-0.055035
0.937031,-1.180909
3.088740,0.194196
1.520040,0.060406
2.667402,1.376407
1.424110,-0.941165
1.725696,-0.182320
1.230797,-0.969307
0.525931,0.249471
1.805670,1.731507
1.517298,1.714284
2.280967,1.914795
0.221959,0.760569
1.918468,2.181858
0.461377,-0.712843
2.972803,-0.133412
2.719457,1.095738
2.928792,0.013397
0.372934,0.170557
0.931228,1.687759
-0.199968,-0.259092
2.928471,0.749937
-0.466201,-0.033110
0.939892,0.603074
0.481511,-1.048375
-0.094434,0.334339
2.833716,1.308038
1.108671,-1.124150
1.484167,0.077501
2.274162,1.318711
1.259994,0.067318
0.936501,-1.181664
1.977609,-0.144442
2.077157,1.902767
2.350190,1.218589
0.496844,0.450556
0.365007,1.462671
2.734903,0.880944
0.840831,-1.215194
1.306256,-0.975686
2.618958,0.828954
-0.777908,-0.018810
1.949602,0.953585
0.231072,0.137933
1.324202,0.130329
1.944575,-0.347561
0.769645,0.987951
1.857234,-0.377855
1.039458,1.505199
0.360500,1.736765
-0.404414,0.303354
2.585905,-0.261245
0.802431,-0.722502
0.819891,1.343593
0.932420,1.412579
2.241096,1.400142
-0.328129,0.109156
2.036606,2.165319
2.674984,1.093469
0.705585,-0.844054
0.740935,0.747061
-1.206075,-0.163194
0.534978,0.167349
-0.551676,-0.196339
0.854391,1.157668
1.183327,-0.109812
2.449379,1.244069
1.350611,-0.167364
-0.687574,-0.041862
0.652075,0.743191
-0.586019,0.457451
-0.291904,0.007126
1.248675,-1.007198
0.556549,0.850889
-0.537067,0.099322
1.280092,-1.339577
-0.301020,-0.015399
2.432247,0.916904
2.888021,0.249060
1.746865,0.179141
2.495933,0.665421
2.709389,-0.044601
-0.826039,0.282698
-0.520936,-0.425007
3.127124,-0.646071
1.619515,2.337383
-0.476301,0.206313
-0.690863,-0.288166
2.545694,0.560666
2.509777,0.648540
3.112188,0.190255
2.077077,2.291312
1.585104,-1.095208
2.278186,2.015637
1.101886,-1.209301
0.421212,0.470740
-0.714406,0.139367
0.945587,-0.932018
1.069499,-0.968945
2.544165,1.485092
2.911589,0.965379
0.306701,-1.044736
2.891879,1.607250
2.681829,0.997977
0.357604,0.729036
1.500762,-0.339233
1.381449,-0.270993
0.685336,-1.182886
2.875943,0.117873
0.980375,-0.855786
3.372223,0.550703
1.160960,1.885648
-0.589488,-0.008987
2.876140,0.185740
1.733423,2.174777
2.077610,2.336191
1.244151,-0.081374
2.566377,1.148435
2.888749,0.507095
-1.026687,-0.064554
0.609891,1.904455
2.360983,2.119557
2.600758,0.821661
0.616224,0.682385
-0.856713,0.385001
1.295278,-1.412882
0.681535,-1.088675
1.181072,1.056109
1.456494,1.773209
1.449370,0.255960
3.063095,0.156745
0.493093,0.302125
1.451964,-0.107846
0.917413,1.628826
-0.684425,-0.108786
0.940117,-0.214744
2.211021,1.903971
1.151423,0.080852
-0.699257,0.113772
0.690713,0.449289
2.173162,2.012701
1.141955,1.693218
1.648558,-0.051080
0.872723,0.274559
0.987236,0.226333
0.852363,0.673947
1.646726,-0.071815
1.440339,0.256897
1.829853,0.304530
-0.518233,0.096253
0.542412,0.462397
-0.610693,-0.083565
2.987055,-0.171159
0.427654,0.464086
-0.624291,0.178619
-0.240909,-0.396813
1.548484,-0.194818
0.783479,1.626981
2.361642,0.983202
-0.179498,0.777018
1.159724,1.695731
0.101982,0.453796
1.816270,1.777837
3.281357,0.586887
1.100543,-0.253566
3.274280,-0.107589
1.749845,2.093279
2.022143,0.275424
1.138158,1.561993
1.003952,1.576437
3.064965,-0.171629
1.075994,-0.990914
1.763846,2.180831
-0.599180,-0.072440
2.003778,1.813417
1.009533,1.493721
2.949451,0.943543
1.359040,0.075307
2.248061,2.160896
3.160247,0.908466
0.389674,0.306195
1.440378,-0.311903
1.197762,1.801476
1.329129,-0.175078
1.969952,1.910391
-0.257104,-0.406884
2.385381,1.075421
1.572810,-0.738579
-0.357261,-0.221735
2.875465,0.568747
0.503259,0.693639
-0.451644,0.351568
0.686429,0.408684
1.909506,-0.219834
2.087489,1.816095
1.473646,-0.297625
2.201634,0.860627
0.328206,0.621479
-0.686028,-0.305465
-0.869242,-0.032803
0.936221,1.127335
0.136002,0.689853
2.752207,0.772235
2.900442,0.013514
2.713008,1.028834
-0.207570,0.167172
0.439144,-1.099021
2.534174,0.592042
1.974538,1.792725
-0.247351,-0.008211
1.071066,1.553974
-0.780141,0.118563
0.912430,1.624353
1.866003,1.966799
1.011406,-0.900757
1.199397,-1.149220
2.499595,0.946008
0.377396,0.605859
0.238950,0.578938
0.988852,-1.065111
0.869180,1.308170
0.965621,-0.787348
0.855197,-0.893350
0.306373,0.496748
2.966833,-0.158687
-0.277968,-0.169373
1.063716,1.835128
1.365492,1.879623
1.047374,-0.833059
3.328473,0.475747
1.315129,0.228990
1.607641,-0.060970
1.319115,-1.179202
1.538123,1.285212
1.391451,-0.920347
0.539008,1.155217
1.593605,-0.222231
3.070014,-0.029342
0.943055,-1.076257
3.245695,0.383889
0.757305,1.637504
0.958748,1.496341
0.996061,-1.085597
1.893069,1.813999
1.280665,-1.104340
2.102390,1.709056
3.240461,0.066446
3.072451,-0.068126
1.496271,-0.396519
2.947004,0.073069
0.688741,-0.957684
0.670682,1.521397
-0.367448,-0.021284
1.614850,-0.048682
2.591248,1.110636
0.346563,0.081409
0.647176,0.618635
0.639075,0.280181
0.479002,-0.850812
1.913351,1.936231
1.311798,1.679978
0.968836,1.437243
1.456085,-0.292705
-0.116450,0.032866
0.565870,0.191320
-0.152588,0.288494
2.954548,0.249482
2.332613,1.564228
2.094911,2.153719
2.536724,1.094031
3.078193,-0.399962
2.669424,0.728688
0.868463,-1.180703
3.001349,-0.504164
0.947821,1.278984
3.222902,0.475457
1.264993,0.165562
0.994548,-1.053032
2.288840,2.133796
0.654478,0.716219
0.403781,-0.921001
0.125124,0.112949
2.865408,0.309888
2.620403,1.222859
-0.946555,-0.024737
-0.288771,-0.107422
0.956130,-1.120986
-0.942221,0.348856
2.178242,2.216166
2.302197,0.641683
1.153616,1.096314
-0.297398,-0.099372
2.221509,1.133885
1.731534,0.076580
2.753884,-0.090636
0.591383,-1.038519
2.926698,-0.083388
2.186897,1.423565
0.860921,1.555063
1.446846,-0.799642
2.047652,2.076036
1.428270,0.182920
-0.323374,0.368638
0.606523,0.478815
0.607492,0.206728
1.153621,-0.734207
2.111628,1.839584
0.206552,0.792997
-0.429048,0.289321
2.493845,0.150721
-0.396967,-0.060339
1.128272,1.526361
1.284819,1.275009
2.009907,1.001594
3.032386,0.272434
0.666986,0.443929
1.594254,0.007914
-0.594397,0.010819
0.892164,1.333968
1.515091,1.846653
0.974331,-0.124069
2.461512,0.990674
3.116317,0.018996
2.656786,-0.233543
1.063724,1.680909
0.828068,0.227082
1.067965,-0.791684
-0.640625,-0.390667
2.836200,-0.497290
0.744673,-1.187430
0.877977,-1.253666
-0.166610,0.007322
0.962905,-1.406934
3.044236,-0.077906
-0.466519,-0.133313
1.166883,1.263705
2.709421,1.148310
-1.007013,0.219482
2.415114,1.026395
-0.326244,0.194586
0.942607,-0.200391
1.169094,-0.345284
-0.666375,-0.241792
0.644943,0.949819
1.121398,0.859718
2.432913,1.138778
1.887753,1.631027
2.131782,1.798140
1.240966,1.609056
-1.007357,-0.650103
0.772582,0.559240
1.093796,-1.105884
2.277218,1.086413
-0.520341,0.078758
0.877677,1.545320
1.202710,1.559132
1.094029,1.374062
1.360955,-0.030482
0.306336,0.018967
1.781366,0.007366
1.249032,0.181543
0.494491,0.728571
2.036588,2.150356
2.173367,1.788248
-0.732673,-0.152159
-0.453861,0.024065
2.854424,0.539122
-0.072058,-0.247719
0.924921,-1.330712
3.224704,-0.161990
1.862196,0.176992
-0.794869,0.234114
2.102702,2.065258
2.362125,1.808838
3.189567,0.391863
3.135881,-0.639238
0.634620,-0.137279
1.813225,0.043055
2.065810,2.027970
0.075016,0.740187
2.052743,2.120376
0.291601,0.878655
1.937863,1.371443
2.997109,1.109112
3.660367,-0.163531
1.212808,1.693731
0.474538,-0.675815
0.586490,0.771863
1.910564,0.013557
1.833678,2.099575
1.457379,-1.007922
1.198242,-1.039450
-0.341444,0.057227
1.228829,1.755707
0.348164,0.635379
1.106982,0.142166
1.617328,2.036098
0.994280,-1.154053
1.879973,2.081701
0.332330,0.608277
1.646249,1.918195
3.166108,-0.195850
0.533701,0.491597
-0.315436,0.115728
2.974479,0.038816
0.268701,0.649733
1.706341,0.216680
3.032059,-0.123457
1.280948,1.551388
2.009230,2.148796
2.103625,2.202932
1.083010,1.339802
3.157644,-0.076213
0.856823,1.759340
1.208095,1.657038
2.800639,0.824350
1.103040,1.782134
2.581735,0.887412
2.438902,0.748315
1.354856,-0.362384
2.152639,2.103567
0.265997,0.401027
0.597037,0.344463
2.919982,-0.343401
0.647366,0.447300
2.151240,2.189459
1.512844,-0.651155
0.588380,0.718612
1.873823,1.837846
3.151510,0.986714
1.851003,1.691529
0.121784,0.365393
0.638420,-1.214268
0.557171,0.529517
2.794577,0.968720
1.630798,-1.508616
1.807878,1.803900
2.848690,0.193597
0.180107,0.975322
1.871826,0.904178
2.953788,0.808112
1.562594,-0.160457
2.305906,1.958545
-0.540967,0.093962
1.514198,0.511649
1.358629,-0.878791
1.365823,-0.375900
2.431094,0.963458
0.927489,1.404068
0.641090,0.610098
1.071261,1.368099
-0.519546,-0.112340
0.587001,0.574542
2.927929,0.133569
0.750759,1.537189
1.643895,-0.079924
0.620548,0.274137
1.122034,-1.104161
2.025798,0.594935
2.887321,-0.136200
0.571747,-0.947990
1.254751,1.662031
2.983794,-0.031038
1.015097,1.441566
0.970582,1.592886
2.202158,2.033741
0.989782,-0.139658
1.613639,0.437218
0.369694,0.351085
1.020778,1.264161
-0.383874,0.190511
1.039619,1.306410
0.550189,0.474335
0.585374,0.925890
2.780365,1.064051
-0.168895,-0.068402
-0.357966,-0.004138
0.353099,0.533817
-0.339318,0.012968
2.895481,0.913729
2.353247,1.984934
1.563216,2.063356
1.987349,-0.132042
3.183200,-0.416424
1.072625,1.394044
3.428697,0.310052
1.855358,-0.008328
0.781855,-0.903895
3.226401,0.200763
1.222319,-0.148198
1.392491,0.187154
2.298519,1.015742
3.045635,1.369869
0.565866,1.609514
2.851961,0.284110
-0.849505,-0.073631
0.860470,0.264505
1.217016,1.452173
2.824197,0.076870
3.105432,0.282631
3.298248,-0.246908
0.824524,-0.870861
1.203684,1.687700
2.814547,-0.151127
2.356070,1.141544
0.820974,1.502724
1.329772,1.785911
3.147914,1.012477
0.019152,0.582975
3.202693,-0.266199
3.348268,-0.176281
1.175111,-0.059497
-0.784076,0.062446
0.943903,1.093532
0.768051,1.686154
1.018433,1.872247
1.576142,-0.304015
1.120256,-1.139864
2.263791,1.932692
2.043941,1.919477
3.226840,0.028828
1.385952,-0.004514
1.845920,1.991848
1.114383,1.306442
1.636296,0.209264
1.740282,2.087509
1.164176,1.119097
-0.345560,-0.000046
0.707483,1.369394
2.236568,1.111146
1.920779,2.329129
1.205983,-1.188351
0.983031,-1.050928
0.070145,0.623033
0.259610,0.504957
2.758108,0.074562
2.979260,-0.332873
1.604617,-0.262762
2.052485,1.818390
1.292816,-1.071323
1.384849,0.019317
1.470661,-0.246663
2.917051,-0.260680
-0.455889,0.238920
2.461170,-0.058552
0.735061,-1.009180
2.781345,1.172149
1.147151,-1.002332
-0.412643,-0.302114
0.800377,-1.243755
1.046112,-1.073830
0.739694,0.915058
2.712045,-0.158544
-0.608735,-0.221767
0.751255,0.545800
0.151841,0.705257
2.907609,1.123472
0.610423,0.417307
-0.620792,0.032087
3.307492,-0.402002
3.029753,-0.339330
-0.275143,-0.011034
3.224617,-0.267420
1.421612,-0.037653
1.425282,-0.100009
1.588019,1.728100
1.405484,0.415360
3.236474,-0.256162
0.165136,-0.941696
0.968594,1.503510
1.913129,1.986050
0.231298,0.436933
2.207760,1.405721
1.751156,1.969180
1.190961,-0.911837
0.555347,0.105871
2.253031,2.150805
1.568205,-0.046069
3.150632,0.130302
1.284146,-0.644378
0.479587,0.526291
-0.955289,0.098119
1.937392,1.936358
1.260580,-0.299953
2.565888,0.602880
0.523933,-1.257599
2.010176,2.333521
1.168589,1.186119
0.690475,-0.961769
1.480996,-1.320824
2.449994,1.044117
2.666496,1.088804
-0.649654,0.244318
-0.490381,0.084150
1.240764,1.492466
0.589271,0.562590
1.821649,-0.187891
2.287130,1.893902
0.588293,0.515260
3.159503,-0.271358
0.765376,1.337420
-0.529705,0.216868
-0.393187,0.252669
1.428111,0.336790
2.208852,1.163078
2.887772,-0.114799
-0.584318,0.309106
3.169748,0.655377
0.285919,0.530638
0.431962,0.147512
1.230212,-0.115399
0.754302,1.213070
0.622801,0.698960
2.902741,-0.137960
1.816801,1.867924
1.553460,0.358386
0.954722,1.379829
-0.527788,0.001510
-0.343760,-0.453334
0.426262,0.592269
-0.417074,-0.101614
2.806030,0.111394
-0.629971,-0.282830
1.377115,0.006283
2.751864,-0.509714
0.387760,1.566473
2.709579,0.572362
0.403186,0.550851
1.234787,-0.181900
1.927126,-0.116848
-0.648258,0.483030
0.717540,0.687050
1.676044,-0.164387
3.686818,-0.278537
-0.317427,0.383825
0.883697,-0.905864
1.020346,-1.133645
1.356824,1.773817
2.149729,0.853338
1.510384,0.150878
2.441931,0.912637
1.142374,-1.458582
2.288575,1.614143
3.037404,0.326533
0.707742,0.555753
0.758348,1.466096
3.015008,-0.030915
1.654664,0.129499
1.503119,-0.170445
1.368628,-0.479642
1.032499,1.794290
1.941425,0.808946
2.343225,1.178673
2.728979,0.014904
1.298311,-0.509825
1.043394,1.802259
0.647822,0.912117
1.814085,1.870126
1.883235,-0.121993
1.994374,-0.052073
1.732935,0.045186
1.572836,2.382759
0.938722,1.284316
1.808699,2.042439
2.645873,-0.071095
1.638334,1.992663
2.506475,0.765954
0.688897,1.539285
0.663183,-0.760959
1.270124,-1.231017
1.626288,-0.253359
1.443231,-1.404455
2.659139,1.470974
2.150411,2.244422
1.111921,1.900252
0.384445,0.643699
1.462891,-0.043374
1.819297,1.557082
0.623907,-1.049180
3.040354,0.882843
2.173907,-0.278111
0.921952,1.131232
3.294673,0.289196
2.715630,0.358239
0.307731,0.764154
2.320077,1.930420
1.959750,1.953265
0.857137,1.353749
0.682749,0.516120
2.103528,1.677114
0.392902,-0.592699
0.501698,0.535699
1.332697,0.023285
0.320572,0.606918
-0.364441,-0.208767
-0.129798,-0.345785
1.136800,1.526601
1.712586,0.418184
-0.647351,0.534690
2.738503,1.099780
0.410192,0.344657
-0.493222,0.146824
1.593518,-0.335306
1.326030,-0.225538
2.409553,1.171081
2.886785,0.923448
1.150421,0.053394
2.021578,1.752985
2.913585,0.301621
1.212099,-1.146838
0.714405,1.555256
1.965835,-0.760793
2.960283,0.303729
2.425957,0.883940
1.846421,1.783362
0.831973,1.930721
1.369030,0.208549
2.595651,0.089161
0.411077,0.354800
1.194706,-0.853775
1.131407,-0.834125
-0.739775,0.232972
-0.698897,0.105974
1.104524,-1.110943
2.796982,1.246561
2.864556,0.945385
1.750051,2.132941
3.309920,-0.024654
1.371778,1.404358
2.253464,2.039665
-0.661593,0.179684
0.743065,1.343477
0.533621,0.740830
0.305913,0.754942
3.264088,1.190795
1.966917,1.739232
2.756784,0.815086
1.971267,2.417945
1.242443,1.807631
-0.749909,-0.103028
2.032448,-0.184407
2.360868,1.309908
0.703038,0.409315
1.953698,2.408686
3.091362,0.428399
-0.511503,-0.084020
2.082684,2.107384
2.407071,1.369300
0.721863,1.328189
1.295434,-1.006044
1.522883,-0.732571
0.367059,0.567801
-0.507922,-0.290530
1.725485,2.052170
1.257823,1.611025
0.513852,-1.084545
3.094706,0.798811
0.981399,1.585648
1.496069,0.282776
2.207758,2.124291
2.783934,1.079124
2.721058,-0.543719
1.007161,-0.143421
-0.530883,-0.059124
0.604383,0.690725
1.061334,1.512756
1.437695,-0.180088
2.095214,2.218633
-0.469882,0.634735
1.752688,0.197205
0.676808,0.507136
2.057801,1.073621
0.016976,0.239335
0.290782,0.572780
2.307745,0.844609
-0.250476,-0.093256
2.182422,2.197007
2.445258,1.002773
3.077404,0.750929
1.340038,-1.052084
1.830397,2.300629
0.367659,0.281753
1.096076,1.597514
1.317430,-0.211061
2.273637,1.923434
0.418910,0.465021
2.973489,0.136294
-0.551302,-0.044507
3.128159,-0.221376
-0.427627,0.258584
2.423993,1.073941
0.904755,0.327475
0.431071,0.425048
-0.836881,0.065657
1.705873,-1.370038
2.205555,0.822338
2.056895,0.181919
0.065545,0.314852
0.149564,-0.022382
2.712833,0.957400
0.992693,-0.323375
1.454019,1.614401
-0.324944,-0.195028
2.596675,1.206297
3.272368,-0.178313
2.579480,2.252356
2.671005,1.177074
0.474046,0.480117
-0.647396,0.223942
1.026293,-0.997899
-0.199769,-0.154460
2.334808,0.869067
1.638981,2.173829
2.896050,-0.204072
1.074542,-0.646940
2.689690,0.981137
1.744925,2.183996
2.411094,0.903052
2.069102,2.031217
1.522453,0.068008
1.527013,0.389754
3.190672,0.373224
0.447444,0.549711
0.939194,-0.982189
3.224569,0.275467
1.002426,1.475086
0.695525,1.613764
1.817963,-0.178151
1.903939,1.695185
0.236124,0.253113
3.211134,0.110080
-0.629963,0.114565
-0.424789,-0.235771
2.967050,0.352092
-0.129949,-0.123649
0.738518,0.639136
1.929432,2.126111
2.886046,0.083480
2.888083,0.274514
1.377590,0.026877
1.494588,0.033440
2.114753,2.195190
0.474086,0.573055
0.904384,-0.972539
0.898212,1.318900
2.917617,-0.819717
2.247177,0.617449
1.880533,1.009901
2.565721,0.020006
2.886026,0.392741
-0.430394,0.200429
1.192113,1.393621
0.449963,0.702291
1.285575,1.737082
1.484703,2.044028
2.080292,1.760348
2.687366,0.716939
0.201545,0.723313
2.325636,0.700100
1.378308,1.170681
1.714240,1.335901
2.529094,1.282676
1.235917,-0.916902
0.609761,0.365624
2.936900,-0.583304
2.586609,1.068129
1.556513,0.128209
-0.092584,-0.181255
1.415289,-0.253841
1.610857,-0.130001
1.285319,-0.457283
1.101219,1.254232
1.923361,1.877419
2.626638,-0.792722
1.923584,2.337913
1.115251,1.195417
1.366403,-0.931989
0.499954,0.250172
1.594892,0.267754
2.092843,1.064467
2.792898,0.946300
2.781607,0.916495
0.793151,0.848226
1.090209,1.623837
2.064024,1.694834
0.703652,1.622010
1.868145,1.769516
-0.590997,-0.176110
1.672059,-0.196869
2.583274,1.428039
2.732410,0.730996
0.372818,0.538591
1.676145,2.348309
-1.040218,0.104600
2.816559,0.796367
0.836138,-0.895669
2.508253,1.154405
0.827400,-0.640579
1.124880,1.273080
0.934310,-0.755041
2.210250,2.242424
3.049088,0.508473
1.254904,1.551861
2.166454,1.886108
0.523616,0.401095
0.827829,-1.036511
3.101032,1.107053
2.862383,1.014204
2.939823,1.118738
2.195431,2.177038
0.417452,0.390560
2.646439,0.300403
2.672967,0.198060
1.834137,0.211527
3.319700,-0.235283
0.907142,-1.173995
1.249322,1.553174
2.288745,1.135320
2.745223,-0.126728
3.176662,-0.437587
2.576761,0.873011
0.677361,-0.810150
1.370071,-0.518859
-0.933699,0.133906
2.211653,2.060715
0.647760,0.773081
3.177915,-0.203435
1.754171,2.110574
1.006375,1.416440
3.145603,0.335268
2.632418,0.861110
2.484897,1.901502
-0.499745,-0.100195
-0.557349,0.015096
2.783628,-0.017862
1.373179,-0.410839
2.021158,1.603560
1.608401,0.134390
1.209592,1.658724
2.088240,0.701040
0.728975,0.726428
0.499649,0.711407
-0.810479,-0.017145
1.037661,0.812539
-0.420322,0.210188
-0.636949,0.200774
0.601352,0.214830
0.667836,1.343305
0.584387,0.771455
1.598325,0.147250
1.251023,-0.529609
0.920175,-0.908118
2.209512,0.759182
0.632405,0.263910
1.921117,-0.080102
-0.474584,-0.107659
2.114110,2.408205
2.837854,0.679762
-0.319312,0.255575
0.956483,-0.946348
0.917777,-1.199794
0.816063,-1.266494
1.796983,2.336834
2.665331,1.008808
0.458497,0.722010
2.123043,2.068708
1.480792,1.300173
2.818916,-0.291078
1.701186,-0.035498
2.745326,1.464955
-0.317093,-0.117329
2.192580,2.140316
2.167849,1.785287
0.466361,-0.226285
0.920170,-0.255976
1.454657,-0.042016
1.677777,-0.048372
0.284167,-0.097987
2.856861,-0.043860
0.983483,1.568628
1.999267,1.946482
3.321860,-0.038995
0.557220,-0.893464
3.065749,0.179207
1.094350,-1.016694
1.551453,-0.066648
1.471004,0.545027
-0.595925,0.292078
1.914086,1.773441
0.808694,1.911180
1.227666,0.000240
0.857619,1.419073
0.943304,1.826600
0.867725,0.945551
2.857838,0.982300
-0.536115,0.025108
1.700113,1.959465
1.926074,1.532498
2.067727,1.826502
-0.682968,-0.401940
2.314942,0.859413
2.912456,0.917252
1.907643,0.153661
-0.516209,0.165703
0.843147,1.490208
-0.508377,0.186101
3.220062,-0.169848
0.851652,-0.677085
1.380052,0.051783
3.093569,0.276594
-0.537836,0.297140
0.701597,-0.943104
1.291213,1.189472
2.392242,0.985174
2.131711,2.078687
1.118776,1.670785
3.180621,1.207249
0.775552,0.691156
2.749326,1.235072
2.749056,0.929383
2.908802,1.376178
-0.351527,0.187460
1.871549,2.187655
1.095660,-0.155877
2.089654,1.552762
0.324748,0.609720
2.004719,1.781847
-0.689016,0.021608
0.890355,-0.982214
-0.192564,-0.021272
1.632103,2.352596
2.076850,2.436712
0.786752,-0.881870
-0.707347,0.282973
0.978093,1.294568
0.831422,-0.856299
0.577740,0.788900
2.011054,1.862520
1.052707,1.608118
2.271093,2.064565
1.748955,-0.034050
-0.767577,0.202580
0.791751,-1.066178
0.487306,0.680807
2.049356,1.150732
2.978904,0.329667
1.330744,-0.066585
0.995711,1.254292
0.618662,1.636297
3.087651,-0.150601
1.264655,-0.890718
0.548121,0.782195
0.771627,-1.162078
3.417509,-0.732799
1.773938,-0.103081
0.517171,0.338824
0.335953,0.474086
3.177708,-0.102603
0.555498,-1.125581
2.173093,1.632409
0.724032,1.517607
3.165567,-0.140392
0.456934,-0.671200
2.424035,0.955512
2.740580,1.088602
0.892573,-0.729413
2.173904,1.892488
2.111776,1.684333
3.050987,-0.301865
1.187838,-1.074428
3.079215,-0.240016
1.621699,0.025680
1.155651,1.394381
2.599015,0.979724
0.820413,-0.736546
0.323724,0.689792
-0.961428,-0.070452
1.754228,-0.457367
3.317095,0.615422
-0.352228,0.323671
2.040498,2.265862
2.548602,0.586087
2.956876,0.642529
1.832071,2.283085
1.489713,0.077720
1.239834,-1.143733
1.196573,-0.507808
0.801720,1.551917
3.156756,0.254894
2.122437,2.303266
1.967273,0.866005
0.913468,-1.133814
1.729981,0.252669
0.233165,0.332668
-0.576179,0.067282
1.374181,-1.312870
1.143153,1.589465
2.855163,0.337948
0.980752,1.316925
1.019518,1.557524
2.071865,1.709268
3.114834,0.871993
1.080365,1.170410
0.938090,1.923588
-0.395381,0.109899
2.082264,1.917435
0.810469,0.102804
1.207720,-1.085721
1.915726,2.295727
0.665259,-0.963254
2.170392,1.720249
0.830914,-0.755140
2.633910,1.025614
2.369180,2.021124
1.008115,1.748540
3.220221,-0.331631
-0.348763,-0.559662
-0.458445,0.142733
0.502945,-1.079998
1.207452,-1.321189
2.553697,1.174964
1.017032,-1.103270
2.365510,1.389827
2.511135,0.927107
2.396340,1.983613
-0.308975,0.281258
1.822462,1.986120
0.875677,1.155461
1.858866,1.031183
2.113011,2.040747
0.252508,0.628687
1.497602,0.159693
1.228769,-0.889547
0.416355,0.301571
3.196504,-0.187164
3.081702,0.353102
2.449036,0.843516
1.211270,1.326249
2.877024,0.171367
0.764089,0.322369
1.223217,-0.379285
3.015395,0.203583
0.790104,0.157708
0.784208,0.456710
1.067743,-0.826648
1.805145,1.740019
2.189890,0.839528
2.365320,1.126348
-0.781524,-0.327796
-0.518265,-0.255893
1.751726,-1.550378
-1.009631,-0.129195
-0.653640,0.281687
2.770678,0.627601
0.649123,1.465618
0.552820,-0.307624
0.652941,0.457937
2.659195,-0.127175
1.357906,2.103926
1.583886,-0.421345
0.657735,1.616658
0.806804,1.565910
1.015114,0.249516
0.647020,-0.931157
0.911752,0.256289
1.502890,-1.390886
1.798473,2.160050
1.002845,1.564409
0.441870,0.600920
0.010765,0.247189
0.758651,-1.053576
2.732049,0.539278
2.466161,0.728218
2.694650,0.828389
1.261575,1.450739
2.790494,0.106083
-0.322986,-0.313949
0.830079,-0.880636
-0.248524,0.417470
2.863918,-0.082263
0.536460,-0.877129
0.901854,-1.247762
2.890603,-0.057166
-0.691619,0.022524
0.336715,0.582860
3.030445,0.025637
1.093553,1.472691
2.919722,-0.117023
1.046215,1.415366
0.784619,1.287391
0.321915,0.447328
1.215437,-0.128568
2.128468,0.811216
1.106431,-0.832991
1.072069,-0.551709
2.919324,1.109031
3.067738,0.174643
0.802520,0.804754
1.490427,-1.058442
2.274332,1.985539
2.301902,0.838668
2.322923,0.643624
0.488138,1.719648
2.874058,0.169772
-0.522377,0.156877
0.999199,1.721792
0.600373,0.575556
0.247930,0.522015
1.992363,2.029331
-0.454940,-0.264763
2.535807,-0.360900
2.794355,-0.038585
0.969847,-1.305519
2.949742,-0.098698
3.073742,0.239502
2.791117,0.025525
0.640095,0.922569
1.387755,-0.943868
1.108434,1.383475
1.556829,0.190657
1.866359,1.899421
3.065220,0.302652
0.588181,-1.011877
0.683888,0.431722
-0.507636,-0.038943
2.928416,0.339076
0.993082,-1.001159
1.781417,0.013244
3.175378,0.131074
2.359494,0.816170
1.250376,-1.239953
2.646127,0.828865
2.354487,1.828937
3.029396,0.122961
1.513701,1.881906
2.760509,0.948355
3.327209,-0.329780
0.619940,0.786976
-0.667757,-0.312133
-0.571537,-0.057943
0.594197,0.423099
-0.810912,0.390282
1.533487,-0.833756
0.944816,-1.341861
2.672753,-0.035157
0.877672,1.854911
1.246278,-0.276566
1.376924,-1.423383
1.302002,-0.717263
-0.463647,-0.309952
0.678637,-1.374613
2.836919,1.178692
1.994875,0.212828
0.812354,-0.918107
0.485960,0.058528
1.778103,0.126833
1.781074,2.056414
2.553338,0.178551
0.840249,1.178114
0.699953,0.349894
1.081299,-0.096594
0.874210,-0.730655
1.626778,0.074934
0.062537,0.465149
2.204886,2.240376
1.408670,1.548206
1.050714,1.599875
2.688616,-0.072881
1.105131,1.330145
1.668898,0.087513
-0.184415,0.186358
2.748126,1.063062
2.254319,2.105609
3.050891,1.300781
-0.461930,0.020646
1.402764,0.225026
2.131397,2.083356
0.750692,0.508217
1.602475,2.243230
1.436161,-0.669122
2.220184,1.041039
2.278823,1.182490
-0.289420,-0.185057
2.671031,0.296536
0.943602,-1.028922
0.498387,0.926554
1.917669,2.268981
0.587846,0.585988
0.786559,1.851640
2.919252,0.755334
0.751532,0.295433
2.979225,-0.602239
2.110886,1.280173
1.386535,0.618936
2.698915,1.343072
1.221261,-0.345133
2.948695,1.215911
0.699316,1.742859
0.951040,1.953893
1.248870,0.011061
1.165533,1.449878
2.041999,1.686491
1.874691,-0.000655
2.976363,1.134373
2.459410,1.221057
1.719401,2.202256
3.111403,0.146823
2.633582,0.894788
0.950278,-0.821822
2.109055,1.818342
1.648391,2.298194
1.068801,-0.831878
1.915719,0.108557
2.060569,0.966574
2.636951,1.105909
2.505076,-0.141757
0.438164,0.309581
1.345004,-0.824225
2.665426,1.394544
0.637504,0.388914
1.464166,0.309830
3.030727,-0.691867
0.482436,0.395739
1.066408,-1.046464
-0.647356,-0.356748
2.201773,0.915977
1.700409,-0.111927
-0.237448,-0.116869
1.487025,1.889607
0.798551,1.555818
0.627521,0.438445
3.277449,0.326670
0.142834,0.361108
1.027923,1.240562
3.211839,-0.632380
-0.740194,-0.168528
0.697844,1.787176
1.437656,-0.082626
0.383127,-0.630853
0.334780,0.754823
-0.684325,0.160394
1.492603,-0.081880
0.612319,1.754847
1.846598,1.687096
0.341275,0.665414
2.777843,1.025059
2.916284,0.084609
3.078305,1.086052
-0.133544,0.007498
0.494029,0.084580
0.423601,0.162743
1.757007,-0.076192
2.975256,0.178384
-0.660620,-0.165150
2.106067,1.905185
1.981644,2.101441
1.270074,0.202613
1.796774,-0.155976
1.672296,-1.334479
0.995284,-0.860963
1.256775,-1.401282
2.659546,0.840761
-0.627818,-0.019485
1.300320,0.102298
0.271900,0.411616
1.334063,-0.891780
2.578377,0.861965
1.498079,-1.174775
0.640474,0.116222
2.343271,2.148322
-0.829610,-0.019803
1.403044,-0.962547
0.890522,-1.283659
0.434112,0.549102
1.407002,-0.878270
1.907280,1.777946
0.796175,0.473951
1.120919,1.248037
-0.541131,-0.107460
2.020267,0.172484
2.483636,-0.022669
1.597656,-0.452774
2.467646,1.413414
2.095969,-0.198061
2.137513,2.029410
0.537807,0.300914
1.257923,1.315916
-0.428038,0.059407
0.679321,0.823781
1.961873,1.336023
2.688851,0.043136
1.453750,1.492741
-0.671805,0.297128
1.880166,-0.022584
-0.700364,0.036706
0.994632,1.819690
2.392199,1.703427
0.912926,1.288408
0.720693,-1.244860
2.583870,1.153911
2.339895,2.140486
1.567534,1.352236
-0.947777,-0.046712
-0.303485,0.075051
2.788714,0.132542
-0.506585,0.020489
-0.708770,-0.241866
-0.567735,0.183387
2.275981,2.333036
0.085745,0.562825
2.050660,2.009635
2.877481,-0.269993
1.809808,1.730678
1.103103,-0.867653
0.303580,0.490547
1.182767,1.655250
1.190777,1.336082
3.251238,1.111878
1.040722,-0.974587
2.095883,2.358414
2.698503,1.024429
2.501123,2.111020
0.663602,0.730292
2.473833,1.006786
1.098445,1.575181
1.250981,-1.096991
1.856543,2.072117
3.082363,0.212387
2.257947,1.366093
0.274668,-1.229860
2.217980,1.793147
0.307312,0.187728
1.184536,-0.660265
2.286549,1.784168
1.145295,0.091077
0.535591,1.521532
0.930731,1.267315
0.897920,0.703061
0.640316,-0.572055
2.925375,0.144434
1.827714,0.150056
1.229935,-0.927746
2.218267,2.386849
1.704196,0.013376
1.003962,-0.710687
2.299475,1.876444
2.492020,0.742921
2.923989,0.338211
1.440023,-0.824653
1.651974,-0.287541
2.950127,-0.110674
0.588622,0.252801
1.437896,-1.327271
3.159073,-0.033191
0.100987,0.755665
1.674105,-0.219914
2.118492,1.814223
1.900708,0.778054
2.661092,0.945616
2.060601,0.060879
2.372417,1.150213
2.982216,0.433393
0.342240,-0.588834
-0.377796,-0.035604
0.547343,0.746132
0.524089,0.530278
2.819154,0.006943
2.567586,2.041275
1.608813,-0.121290
1.773649,2.243313
1.364457,-0.879504
0.301192,0.550453
1.385537,-0.190767
1.020712,1.330610
1.174037,0.272688
0.041921,0.626335
0.930476,1.490001
-0.573117,-0.169297
1.908448,-0.014487
0.770995,0.133929
1.022523,1.459415
0.391119,0.881900
0.850000,1.704715
1.305166,1.833014
2.916432,-0.450499
1.598620,0.064913
2.101875,0.047603
1.821970,0.836945
3.215744,0.204611
1.729676,-0.589309
-0.374870,0.118618
-0.523643,-0.157042
1.520283,-0.048265
0.383043,0.183774
2.783159,0.262466
2.188040,2.282815
3.145808,-0.048929
2.122681,2.283398
0.898424,1.476914
0.633818,-0.785712
1.822056,-0.015743
1.444842,1.604295
2.357933,0.722248
2.090253,1.113737
0.791310,1.406625
1.301889,0.283087
3.169103,-0.334885
1.332188,0.115328
0.440266,0.558969
2.666603,1.026675
1.140378,1.521164
-0.239110,0.001820
1.405933,-0.163661
1.485216,-0.127877
1.267403,1.456318
1.647775,2.081896
1.720577,0.050098
0.767025,0.412622
3.064506,0.278686
1.331901,-0.190490
2.666174,1.288475
2.785413,0.069244
0.317342,0.363901
2.629827,0.943878
1.438827,-0.074215
1.983643,2.309736
0.830071,1.644853
0.570016,0.209558
0.985877,1.886135
1.049274,1.181733
-0.136090,0.261814
0.546010,0.391608
1.497254,-1.191797
1.653689,2.029800
1.454220,1.841789
2.654204,0.295668
2.258789,2.217033
0.958297,-0.978544
2.003539,1.964316
2.187720,0.803897
1.971127,2.012765
3.262263,-0.344280
3.436999,-0.173454
1.283883,1.829645
0.208344,-0.998061
-0.353523,-0.190841
2.911593,1.203488
3.022560,0.138566
1.258152,-0.063544
1.720490,0.309928
0.264229,0.329856
1.030816,1.444355
1.960395,2.351653
0.855753,1.591224
3.169195,-0.310772
0.500921,0.285319
2.729082,1.034007
0.933528,0.448142
0.737827,1.736903
0.877273,-0.812277
0.258523,0.557336
2.578568,0.872981
1.293039,0.213393
1.045022,1.621352
0.835716,-0.793085
1.903096,0.828727
0.789794,1.625126
3.430290,-0.890653
2.075843,2.002308
1.965299,0.048510
2.195554,2.014424
0.122372,0.402599
0.665786,-0.656575
0.964268,1.456277
2.834044,-0.203638
1.178462,-0.336311
0.719318,0.527944
-0.433095,0.401315
2.702903,-0.903861
0.404871,0.507645
-0.780520,-0.364779
1.085323,-0.846024
1.640392,1.114509
2.951962,1.035975
3.014348,-0.102282
2.218759,2.177587
1.337467,-1.346849
2.175353,1.898086
-0.626144,-0.209856
2.201316,1.797009
1.207458,-1.013245
1.184443,1.573026
-0.323198,0.208867
1.993701,2.109876
0.478959,-1.124043
2.781401,1.103644
-0.156599,-0.119415
1.837446,2.028126
1.830977,1.716404
-0.438353,0.290716
-0.191037,0.081800
2.258470,1.416198
0.783394,0.741707
1.519483,0.072628
1.218908,-0.986288
3.055329,1.015874
0.976988,-0.868962
0.684625,-0.843829
0.635945,0.457575
-0.554067,-0.206752
3.013255,0.002023
0.834577,1.812020
0.762327,1.106253
1.274191,0.412762
3.330746,0.239631
2.869229,0.005694
2.368224,1.027528
2.635172,-0.360018
1.020477,1.622155
1.959771,0.157402
2.230473,1.711324
0.878564,1.858008
1.028151,1.624476
1.292426,1.260862
0.619793,1.457232
0.459197,1.365720
1.110032,1.390841
0.969376,-1.227755
0.417574,0.168757
0.900550,0.212362
0.509250,0.452361
3.064210,-0.128126
0.504111,0.598982
-0.057341,-0.497901
2.941825,-0.252983
1.226051,0.031739
-0.291793,-0.073510
-0.434096,0.130105
0.948457,-0.847772
1.504087,-0.987021
3.046365,0.849231
2.112066,1.153708
2.872590,0.397793
0.547943,0.443023
1.694513,1.879844
1.430416,-0.011946
0.735326,0.758751
1.030282,1.432252
1.803803,1.897655
1.453203,0.190537
1.452523,1.446201
2.346675,1.075599
0.822724,-0.892971
0.881759,-1.009788
1.878953,2.075403
1.345448,0.010240
0.961768,-1.018736
1.307957,0.209100
2.689792,-0.303744
1.316181,1.918012
1.171852,-1.549565
0.897507,-0.768505
0.992092,-1.194467
0.904852,1.938480
0.382493,0.752837
0.713051,1.519841
0.487338,0.631355
3.311780,-0.068404
1.646653,-0.045666
2.255218,0.665851
0.290452,0.406520
1.120025,0.949569
-0.706640,-0.013830
2.744830,0.801648
-0.241936,0.451057
1.321726,2.185328
-0.245122,0.105466
0.667862,0.595009
1.694147,1.869439
2.201426,1.841334
2.452044,1.479236
2.282809,0.861993
1.868686,0.266743
0.696592,1.617286
3.049715,0.089456
2.604693,-0.176351
2.021412,-0.082929
1.056732,1.278270
1.530874,-0.160371
2.458060,0.930118
3.059293,-0.025268
0.873855,1.541389
2.037998,2.197501
0.359676,0.586820
1.443655,-0.077596
1.746990,0.172730
0.870269,1.561028
1.017894,-0.757494
0.833893,0.190831
2.500580,1.041929
0.856644,0.332948
-0.600235,-0.258227
1.100874,0.101337
0.731904,0.547330
1.093926,-1.101716
2.865334,0.682181
0.376020,0.903482
3.182898,0.002856
0.640936,0.690966
1.222350,-0.168774
2.630755,0.266556
1.488098,-0.086515
0.966863,1.359583
0.307706,0.560795
1.284213,-1.379219
2.904960,-0.172688
1.238863,-1.006998
0.463592,0.415917
-0.331653,-0.145365
1.221859,2.110922
3.116590,-0.501540
3.284990,0.180916
1.100895,-0.610444
1.712681,-0.303836
0.602924,-1.158135
1.942828,1.936098
-0.228083,0.238803
1.242607,-0.083630
2.008880,2.274386
1.081937,1.224723
1.257533,1.472423
-0.706755,0.223529
0.910359,1.538859
1.974734,1.843819
0.131754,0.640798
0.482530,-1.705723
-0.186097,-0.022224
3.211035,1.197856
2.523520,-0.239462
1.742052,0.094163
1.454532,-0.230375
1.000063,1.332467
0.454074,0.875916
-0.518061,0.151335
2.934175,0.083968
-0.093787,-0.266560
0.780808,1.127565
1.475725,0.170225
2.541835,0.894692
0.847083,1.705156
0.193185,-0.843061
1.547733,-0.089302
2.037154,1.971711
2.674731,-0.246522
0.124019,0.758478
1.091023,1.522909
2.089971,1.191122
1.331513,-0.083049
3.137463,-0.180242
2.077885,1.664671
-0.485750,-0.096628
2.086560,1.768067
3.384343,-0.440349
2.061325,1.998131
-0.726332,-0.354944
1.348017,0.082566
1.114453,1.697854
2.394666,1.262126
2.470191,1.320022
-0.446018,0.134395
1.431934,0.252375
-0.636176,0.333704
1.796288,0.202521
3.410108,0.321840
1.069961,1.490706
1.520067,0.311292
1.812251,-0.060604
1.614345,0.387688
1.159459,-0.285486
0.474854,0.453250
1.066206,0.153182
0.231463,0.584204
1.882404,1.052167
1.216699,-0.886022
1.692974,2.098145
1.697508,-0.392943
2.356629,1.292228
1.094102,1.335584
2.353883,0.805856
0.788322,0.602920
2.288385,1.571764
2.983910,-0.282394
-0.517687,-0.377727
1.067881,1.434915
3.094140,0.277164
0.808416,-0.663816
2.365044,0.698270
0.139086,0.453421
0.972897,-1.078382
1.308149,1.519866
3.167563,0.299412
1.329950,0.142358
3.083157,-0.610148
2.618345,0.997405
0.106632,-1.186821
2.550366,1.095289
0.446306,0.358808
1.911581,1.986868
0.645797,1.468213
0.918183,-1.133661
0.518574,-0.398480
1.834731,1.637498
3.044287,0.142467
2.135854,2.374792
2.530418,0.929168
2.110200,1.405221
1.521882,0.161521
0.743682,0.297924
-0.423575,0.088099
2.993712,0.455009
1.109798,-0.855905
3.296546,-0.039705
2.027701,1.741681
2.959134,-0.148523
-0.094451,0.206070
1.662704,0.473075
1.206547,1.154900
0.477779,0.324204
1.224501,-0.061704
3.042826,0.079538
2.126361,2.177063
1.765587,-0.288105
2.064306,1.997263
0.841557,0.557221
0.788841,1.417457
1.525340,-0.249870
2.400121,1.048270
3.116139,-0.018835
0.981211,1.537057
2.448845,0.843164
0.906881,-0.879613
0.900199,-1.086661
0.939145,1.404347
1.304220,-0.215400
2.093603,0.740815
2.124812,2.110840
1.926936,1.711759
0.685077,1.568401
2.857960,0.267912
2.144371,0.935660
0.388395,0.354441
0.948841,1.276097
1.878515,2.352036
-0.628757,0.109078
1.740898,-0.140814
-0.558776,0.129132
-0.343880,0.242904
0.307303,0.598339
0.666495,0.593372
0.163986,0.443675
0.201178,-0.143767
0.428502,0.573176
0.804592,-1.198010
2.982771,-0.089212
2.446692,0.859873
1.429414,-0.764668
2.614659,-0.131564
1.656538,2.160589
2.952265,0.539578
1.355095,-0.174807
2.481348,0.797118
1.759280,2.195637
2.156223,1.669069
1.123433,-0.920532
-0.464580,0.556653
2.454372,1.218962
2.391313,0.974049
0.500713,-1.152757
2.867888,-0.189870
-0.337029,-0.113615
0.610475,1.188910
-0.509223,0.491832
-0.841883,0.152290
0.364266,0.560040
3.473499,0.011269
0.624502,0.855439
0.881691,-0.800551
0.263938,-0.012894
2.767857,0.199075
0.659689,0.633781
2.459708,1.030869
0.447954,-1.044260
0.318037,0.165072
1.860891,2.054356
1.508886,0.081428
1.542605,0.141059
-0.320219,0.014520
0.060219,0.451953
1.420664,0.288145
2.327873,1.079616
1.522489,-0.152619
2.464375,0.797554
1.909195,0.804633
1.665997,2.247157
0.505148,-1.713211
1.382173,-1.100078
3.031947,-0.356667
3.133107,0.225499
-0.422741,-0.513437
0.085591,1.118443
2.019817,-0.218719
-0.442144,-0.033113
1.747748,-0.198834
0.963971,1.538492
2.776549,-0.306534
1.122112,-1.088994
2.470388,1.712643
0.469773,0.559110
1.208934,1.528379
-0.611558,-0.295272
3.017808,-0.357294
3.061760,-0.162968
1.496649,-0.152311
-0.167934,-0.073016
0.684417,1.265714
2.913387,-0.346771
-0.083296,0.512534
1.446496,0.160444
2.892529,1.075324
1.958131,1.868358
0.408507,-1.288954
1.218433,-0.964296
2.353987,0.744922
0.374086,0.170378
1.048928,1.493786
0.807748,0.543236
2.903291,0.393652
3.254426,-0.102589
1.524840,2.167823
1.028880,-0.702714
1.770795,1.936203
3.008289,-0.563485
2.167940,-0.143029
1.025015,1.668278
0.760921,1.535216
0.877301,1.284920
1.845967,-0.402385
0.965547,-0.805139
0.411832,0.447420
0.502768,0.387377
2.446968,0.886808
1.226376,0.284227
-0.303690,0.228318
1.072158,1.475037
0.906797,1.339742
0.449787,1.368347
2.827370,0.158155
-0.540178,0.197494
0.869619,-1.424325
0.943493,1.824470
0.915293,-0.892813
3.164084,0.828534
2.523652,1.864376
2.246426,0.934235
-0.544538,-0.044430
2.313516,2.339287
0.946916,1.471097
1.523526,0.225478
-0.504160,-0.011048
2.348159,1.699917
1.763968,0.298210
2.595269,0.240430
2.914813,0.147462
0.596438,1.685442
0.177206,-0.298649
2.791449,-0.013472
2.958092,0.502961
2.747025,-0.337603
1.268643,0.302587
1.853573,1.612894
1.679471,-0.184363
0.892360,-0.888174
2.151542,2.178936
3.066958,0.747649
1.836194,-0.229098
0.729240,1.455985
2.634505,1.139435
1.379224,-0.027724
2.131256,2.220621
1.247973,0.053440
0.502895,0.461669
2.337367,1.376183
-0.459335,-0.388166
3.145838,0.082550
2.764497,-0.117357
1.107835,-0.700184
0.962092,1.528095
2.578746,0.855386
2.962249,0.056530
0.824175,0.232236
2.656884,0.901779
2.316023,1.375095
1.035371,0.220057
3.176971,-0.126008
2.951283,-0.245019
0.849424,1.585185
3.248491,0.156072
0.544075,-1.193924
2.945515,0.980001
3.136752,0.076918
-0.257318,0.124256
2.004785,1.934357
2.606394,1.158870
1.063494,1.287690
0.827756,1.482086
0.496061,0.214726
1.210160,1.484669
2.724880,1.109689
1.114730,1.307925
2.035418,2.434399
3.029247,-0.021994
0.851979,1.367449
-0.663700,0.170114
2.363503,0.969229
1.971773,1.850368
0.751534,0.590903
2.022670,1.666306
2.224893,1.076479
3.192576,0.085299
0.979803,-0.936872
2.799282,0.226427
1.165372,-0.978861
2.931695,0.991217
3.043647,-0.468848
0.254548,0.590618
0.405639,0.414412
2.905877,0.478754
3.098182,-0.005142
1.655472,-0.714027
-0.481974,-0.306102
2.362318,0.815117
-0.530704,0.189793
1.627012,2.354586
2.376594,0.954687
2.029251,-0.582609
2.552083,-0.278798
1.386253,-0.897824
1.680396,1.936859
1.064616,-0.827055
1.022957,-1.141023
-0.191787,0.169740
1.891778,-0.130804
2.818493,0.824043
2.729627,1.157809
1.779382,0.023124
0.288355,0.785909
0.680519,0.434504
0.542362,0.359455
2.491746,0.814423
1.908978,0.098621
1.461427,-1.050557
0.666321,0.656385
1.647356,2.309909
0.410539,-1.555445
0.740160,1.468967
-0.192902,-0.183793
2.094002,1.605743
2.842012,0.929147
0.875557,1.573741
-0.450567,0.185123
2.131701,0.442549
0.476010,1.272601
0.875144,-0.361907
1.948968,-0.044666
-0.060978,-0.132159
1.135603,-0.984746
0.393879,0.677430
0.597994,0.741341
2.456058,1.181788
1.954756,1.752591
1.348867,1.447025
-0.237371,0.510974
1.430019,0.197020
-0.783049,0.255149
0.046021,0.396134
3.257969,-0.358700
-0.371907,-0.126266
0.463617,-1.181410
2.599497,1.909669
2.928307,-0.250305
3.112052,1.303009
3.200476,0.091558
-0.112944,0.193390
1.584472,0.178186
2.364651,1.094666
2.586153,1.298230
2.501990,0.099505
0.329541,0.475565
1.935901,1.890523
0.761931,-0.600020
2.332535,2.302899
-0.175480,0.012960
0.899806,-1.451403
2.546141,1.236892
2.106630,1.942560
0.808205,1.463197
2.258615,1.350470
0.481883,0.407927
1.411970,-0.119020
3.003582,0.364885
0.439450,0.471676
2.874999,0.791926
2.068721,2.241489
1.779979,1.701318
-0.651493,-0.072182
2.165222,1.820218
1.506607,-0.012822
-0.697057,0.529024
0.769779,0.720513
2.781130,-0.162603
2.194214,1.408468
0.109029,0.707436
2.117309,2.005870
-0.602697,0.009296
1.175143,1.467168
1.623068,1.964512
0.728717,0.652229
1.787205,-0.240484
0.719213,-0.996188
1.127935,0.231611
1.762937,1.927065
-0.730472,0.134752
2.244984,1.797472
2.249223,1.031939
1.030891,1.474747
2.993489,-0.167207
1.762795,0.052595
2.251960,1.078835
1.261567,1.346322
0.523620,0.840896
2.636239,0.244973
1.043325,1.431214
2.031221,1.758469
2.737996,0.991018
2.500293,-0.133792
0.909391,1.523582
1.542614,1.955659
2.251349,2.052467
2.993126,0.157365
-0.268795,0.233266
0.880134,-0.769482
1.916658,1.946396
1.415740,-1.079181
2.883120,1.142348
1.436692,-0.098811
2.138826,1.648636
1.819640,1.794161
0.426500,0.538741
0.418572,0.378536
-0.567168,-0.426302
1.992197,-0.218073
2.011992,1.925569
2.879563,-0.096809
0.572411,0.691986
-0.469476,0.067354
2.120898,-0.032313
2.516734,0.080882
1.241585,0.015876
1.590730,0.030523
-0.297424,0.206606
2.107472,0.984808
1.382333,0.078316
0.454881,0.713812
3.064260,0.464729
1.286029,1.505431
1.968433,1.646335
1.408427,1.731446
3.174076,-0.248364
1.561674,0.004424
3.131352,-0.161006
0.647294,0.407391
2.252603,0.835023
-0.542400,-0.219022
1.159280,-0.922629
-0.658865,0.160308
1.192369,1.422537
2.202805,1.159497
2.079081,1.349096
-0.369247,0.161077
1.990285,1.953323
2.242987,2.118275
2.144654,0.736990
2.206190,-0.980082
2.416910,1.485341
3.103675,0.077887
1.998780,1.582153
1.220859,1.227961
1.281999,0.299547
1.093692,-1.268615
1.023081,-1.443929
2.249284,1.954030
2.838594,-0.033379
1.199279,1.334049
1.188827,1.519637
1.357338,1.166529
-0.669967,0.042192
1.103179,1.386603
1.656195,1.819527
2.330121,1.187786
2.181456,1.466748
2.832696,0.264097
0.706050,1.333144
3.374702,0.142965
-0.506274,-0.086553
0.766393,-0.967065
2.333493,2.220194
-0.617517,-0.402419
0.232280,0.527296
1.155040,1.907320
2.044032,-0.085729
1.630584,-0.068639
0.532160,-0.950665
1.428884,1.942226
0.568040,0.284198
2.348805,2.033214
1.100793,-1.011772
2.714981,1.148482
0.024696,0.679169
2.035477,2.123812
2.492324,0.949691
0.104250,0.378807
-0.752791,-0.157801
2.122562,1.190815
2.738057,0.172126
-0.303929,-0.264967
0.619157,0.469953
2.553430,0.130414
0.820904,-0.778873
0.875183,1.507796
1.607837,1.806748
2.456928,1.122190
-0.921867,-0.127385
0.941657,-0.313936
0.645258,1.441609
2.980451,0.064228
3.154586,0.080633
0.583469,0.488766
2.070504,2.407562
1.948164,2.157642
0.635085,-1.167232
-0.279219,0.141876
1.605857,-0.758334
-0.559742,-0.219421
0.781437,-0.834724
3.230583,0.392583
2.668232,-0.229695
0.911767,1.279183
1.214393,-1.113143
2.219781,1.094726
1.652986,-0.103964
2.783323,0.350182
-0.539624,0.390307
0.910137,1.432124
0.734466,1.362967
-0.678726,0.223099
0.373032,0.270160
0.772436,1.285354
0.839978,1.650145
3.263158,-0.163794
-0.709386,-0.132415
-0.618458,0.169947
2.305748,1.874384
-0.424459,-0.122801
1.217460,-1.220703
1.527422,1.705409
1.567263,1.419113
-0.571957,0.193438
2.007014,0.778148
1.920759,1.993665
0.520422,0.307140
-0.230294,-0.081725
1.862248,2.232443
1.958432,2.012685
2.019566,0.201948
1.771167,-0.083300
2.666291,1.003824
0.869525,0.606244
0.683406,0.437240
1.870268,2.192386
1.437340,1.665467
1.950614,1.988918
2.423593,1.042241
0.699848,-1.037991
1.315429,1.892439
1.943218,2.334406
2.384215,1.026235
-0.539404,0.037271
0.350289,0.366008
3.247950,0.272342
1.917415,0.503013
1.622217,2.039635
2.096594,-0.025244
0.349746,0.026026
2.220519,1.161616
0.624490,0.378999
1.190064,1.664042
1.132843,-0.949710
2.834927,0.218216
-0.366494,0.164286
0.493639,-1.037781
1.059594,1.274668
-0.329713,0.232801
-0.418683,-0.154441
0.673575,1.180259
0.957386,-0.837107
1.561680,1.724139
0.979766,-0.775144
3.320902,0.375609
2.367404,1.833385
0.659224,0.178220
1.817581,1.829461
2.039634,1.805113
-0.094484,0.541231
-0.196862,0.087038
1.186927,1.624683
1.534632,-0.218209
0.986492,0.209565
0.530985,0.520111
1.237392,-1.076169
0.776933,-0.162712
0.380186,0.352793
1.800432,-0.185988
2.833874,0.188874
1.347486,-0.031236
1.623726,-0.040588
0.925502,-1.048242
-0.427493,0.270359
2.058375,2.198096
1.105136,-0.863591
3.029328,-0.312874
2.732138,1.030452
1.341061,1.537416
0.688066,0.304707
1.928890,0.941917
0.591795,-0.513467
1.229407,1.213558
-0.285437,0.028191
1.582443,2.027713
2.747163,0.007241
1.981955,1.812550
2.738394,1.088893
0.487919,-0.929113
2.375537,1.598779
1.078686,1.456502
1.461350,0.130261
1.889956,-1.296640
0.665637,0.486908
1.296631,0.048933
0.691890,0.724899
2.611845,0.915365
2.971673,0.169712
2.134951,1.784501
2.714875,0.913408
0.294393,0.196209
0.946897,-0.946176
1.803213,2.183147
0.420861,0.436535
3.380094,0.643797
1.466507,-0.841263
0.490820,0.448651
1.862873,1.974843
2.881901,0.162109
0.812014,0.474345
0.319746,0.373885
0.983946,-0.719418
1.583140,-0.049935
0.344946,0.368990
2.486302,1.356836
3.150700,0.152426
0.810294,1.546175
2.677047,0.916231
2.150739,0.929610
1.420526,-0.849284
1.240094,1.332970
1.252651,-0.292869
-0.549761,-0.185451
-0.950256,-0.233435
2.983061,0.351385
2.000997,2.108570
0.129422,0.387548
2.711113,1.002465
1.178047,1.340970
2.259051,2.434364
1.294321,-1.454989
0.458644,0.654160
2.781706,-0.099517
2.403880,0.900475
2.712075,0.782973
1.789717,0.365252
1.874211,2.212147
3.098634,-0.570053
2.534507,0.827696
2.963959,-0.172487
1.008507,-0.907302
2.194605,1.625646
1.580557,1.926732
1.065635,1.499184
-0.060434,0.021542
2.897295,1.026348
-0.500756,0.104881
2.830652,0.165745
2.107171,0.770238
1.630567,0.117444
3.167448,0.877771
1.807188,0.173447
2.060844,1.730043
0.198350,0.541515
1.504020,-1.067337
1.218053,-0.887995
2.650612,1.088478
0.980058,1.099598
0.947630,1.487620
2.926898,-0.003865
2.198366,0.939561
-0.822009,0.068953
2.252817,2.304821
0.724483,0.210021
0.908443,-1.052087
1.080102,1.592211
2.349240,0.573509
2.207328,1.164616
1.880723,2.025147
2.494003,0.908816
2.117580,1.611170
1.958021,2.201570
-0.271203,-0.076782
1.832586,-0.035351
-0.657059,0.569717
2.482788,1.175255
-0.421390,-0.028085
3.230650,-0.163043
0.724099,0.318272
0.696957,0.445144
-0.427301,0.247565
1.170710,-1.030776
-0.022653,-0.299714
0.931187,1.608609
2.796937,0.449250
3.438168,1.173521
1.064159,-0.714310
-0.852219,-0.256883
3.049903,-0.457254
0.808850,-1.185262
2.681467,-0.014543
-0.158079,-0.330435
1.704350,0.153240
1.120426,-1.104920
2.654827,0.928090
3.014443,-0.480303
1.804354,1.976021
3.100628,-1.067575
0.686549,0.682485
0.449124,0.628314
0.048560,0.242771
2.030581,1.223379
-0.435392,-0.576479
2.617663,0.659273
2.232320,2.032331
0.991164,1.059332
2.192358,1.919949
1.126922,1.663095
1.467831,0.199087
2.730159,0.920447
1.292786,0.158264
2.830570,1.113750
0.849371,-0.107441
2.793203,1.104688
1.447944,0.088433
1.127493,-0.738662
1.634395,0.127991
0.750023,-0.980149
3.270856,0.364758
3.280357,-0.209502
3.084259,-0.199759
0.359648,0.570331
3.101421,-0.373054
1.255659,0.017468
0.463955,0.955173
0.982536,-1.277553
0.403986,0.304021
2.778265,0.143289
0.700792,-0.572281
1.619050,2.016029
0.239422,0.543752
1.587764,0.095210
1.027837,1.683978
3.078522,0.373116
1.094813,1.768062
1.213424,1.582444
1.106399,-0.929443
1.265927,0.023852
-0.802926,0.186183
2.848014,0.949500
1.314530,0.098594
1.050612,0.106324
-0.626857,-0.167205
2.862186,-0.579069
2.412487,2.291516
0.944158,-0.526509
3.130668,0.400744
1.792279,0.273876
3.296839,0.931270
0.571120,0.795423
0.014212,0.358157
1.065212,-1.274247
1.945160,1.799558
1.530206,0.127840
2.968800,0.236756
1.088637,-1.227865
0.971406,1.538097
3.070399,0.245301
0.903121,0.128256
2.920723,-0.292340
0.917637,1.436589
3.203645,0.361114
1.252056,1.309486
-0.513939,-0.264076
-0.403973,-0.059097
2.046537,1.971680
0.656826,0.469537
0.186328,0.758118
-0.681347,-0.098218
0.829532,0.294743
-0.435592,0.376453
1.175235,-0.801998
0.774635,-0.933775
1.913747,2.288268
3.106714,-0.293789
0.980896,-0.114461
2.575558,0.982850
-0.276443,0.116122
3.266183,0.157013
2.596587,0.949632
1.225886,0.282192
-0.478554,-0.247891
0.975580,-1.378795
-0.575820,-0.296046
2.601295,1.083242
1.627840,0.104281
3.069472,-0.661664
2.746812,-0.295260
2.602436,1.021824
1.186681,-0.467439
-0.108975,-0.492369
0.897236,-0.883840
0.820394,1.631696
2.644086,0.994278
-0.328216,-0.486620
1.924653,2.258355
2.622285,0.721144
2.254112,2.110123
2.664078,0.227627
1.292566,-1.269154
-0.656997,0.172021
1.563929,-0.008383
0.242345,0.404785
1.791555,2.298819
0.324572,0.273092
0.291984,0.330672
2.237406,0.738272
3.010689,-0.027348
0.760300,0.479342
2.990258,0.099889
1.445811,0.007204
2.266224,2.007748
0.086395,0.306949
0.862460,1.576201
1.298755,-1.128319
2.477339,0.909475
1.892777,0.000866
1.874457,1.942152
1.542440,-0.165138
3.183190,-0.075572
0.178026,0.525843
3.083562,0.657611
0.813370,0.606175
0.621916,0.455917
-0.341239,-0.353962
2.486124,1.003166
1.308402,0.415895
-0.689345,-0.074246
0.381798,0.591329
0.983959,1.777827
0.397245,0.088199
0.980863,-0.884704
1.802894,0.175405
0.294071,0.272917
-0.576780,0.111632
-0.175485,0.425706
1.037343,-0.677763
1.540299,-0.107207
1.933416,1.726787
2.001126,0.057908
0.654770,0.313158
0.666018,0.779044
1.401896,0.131491
1.816293,1.721536
0.589306,0.602264
2.094751,1.775292
0.602405,0.275569
2.339248,1.377256
0.009624,0.165418
-0.469674,-0.182342
1.301057,0.041862
0.712028,-1.073605
-0.690302,-0.127229
2.933470,0.171493
0.569241,-1.112536
1.120416,1.485060
1.114695,-1.266042
1.062615,1.534524
0.590712,0.442074
0.882208,-1.355053
2.466498,1.278611
0.611232,0.388052
0.902619,1.225285
-0.403287,0.056403
1.086659,-0.056886
0.679506,-1.007837
1.325105,1.450463
1.686627,1.965644
0.746920,-1.037031
-0.103688,-0.019829
0.824005,-1.168977
0.617404,0.882271
1.228958,-1.521496
2.622224,0.126088
-0.554012,-0.097524
-0.971240,-0.009752
0.548912,0.204962
2.849528,1.052620
1.263110,-0.485410
2.585700,0.962988
0.072821,0.177277
2.681751,0.768732
0.841547,0.433151
1.708644,0.231202
1.062768,-0.924293
1.142675,-0.536692
0.240614,0.310637
-0.572086,-0.096848
2.303916,1.467895
1.569284,-1.283814
1.209096,-0.882517
2.004491,1.915490
0.981419,0.109668
0.952525,1.315746
3.018540,-0.243783
-0.043679,-0.093986
1.095056,1.493514
2.782675,1.163149
2.384025,1.049468
2.100892,1.196704
2.774473,-0.001206
2.128095,2.206211
3.121394,-0.058515
2.896272,-0.254495
1.208438,1.206243
1.245976,-1.059776
3.229714,-0.072451
0.801609,-0.831426
1.268467,1.195229
-0.381339,-0.063033
1.799717,-0.117254
0.453890,0.690634
3.122665,-0.478145
0.323958,0.144318
0.583240,0.343381
0.894850,1.547318
1.717405,2.116347
0.550229,-1.054318
1.802096,1.783360
2.807775,0.712898
-0.297157,0.324360
1.175283,0.063290
2.013893,2.256684
2.528156,0.969885
2.813613,0.285055
2.976713,0.096434
0.894335,1.815945
0.037015,0.417430
1.300059,-0.031191
-0.737472,-0.197926
1.162944,1.886544
0.969073,1.088633
2.006398,2.208398
0.552609,-0.916461
0.520607,0.483909
0.687823,-0.976459
1.016319,1.506834
1.475400,-0.202500
1.702535,-0.048556
0.376565,-0.950185
-0.810724,-0.380439
0.978528,1.382024
0.133746,-0.027251
2.282131,2.041705
2.645204,0.894783
0.454436,0.477666
1.224112,1.490495
2.503798,0.818244
-0.496144,0.158017
0.782040,-0.213081
1.097551,1.772475
1.341561,-0.190363
1.832216,2.180276
-0.474931,0.023507
0.833477,1.501836
2.130654,1.072070
1.449775,0.337519
0.967518,-0.664796
0.735399,-0.695694
1.199060,0.139716
1.937871,1.956580
-0.396396,-0.109313
2.477109,1.919364
2.010270,1.935581
-0.677683,0.235700
-0.266249,-0.186184
-0.424386,0.047348
0.719383,-1.181008
0.471211,0.904884
2.917146,0.907258
1.104286,1.263629
0.503091,0.648644
2.540433,0.248751
2.821676,0.253117
1.453006,0.164966
2.872485,-0.414505
0.880835,1.876752
0.889294,-1.325684
2.180183,1.127811
2.606360,1.172021
0.723407,-1.271732
-0.406772,-0.387774
2.513644,1.110654
1.027034,-0.140936
-0.169896,0.140194
2.033051,1.831374
0.296200,0.331181
1.436771,-0.186522
0.682044,-0.955738
0.616608,1.620705
0.529242,0.639552
1.575747,1.835256
1.252239,1.742304
1.034226,1.499425
0.053322,0.758866
-0.687126,-0.025269
2.720675,-0.061505
1.302278,-1.226037
0.936619,1.743858
1.059174,-0.818590
0.466729,0.557192
3.004715,0.093211
1.218844,-0.993235
2.979678,0.270166
0.412345,0.752762
-0.183765,-0.312163
2.875603,-0.361004
2.972097,-0.334705
0.059742,0.870236
0.350274,0.396073
0.504667,1.257475
1.083990,-1.073991
0.621330,0.755761
1.165752,1.462842
2.235928,1.131391
0.539059,0.415673
3.525249,-0.247893
2.774842,1.509456
1.418092,-0.156266
0.970152,-0.919132
2.245480,1.181038
1.911138,1.613640
0.001229,0.425464
1.411792,-0.644435
2.667380,0.780120
0.992738,1.588901
0.981543,1.626900
1.349912,0.180959
1.854360,1.812113
0.622302,0.438391
2.739519,1.275877
-0.709544,-0.058767
1.958965,0.141396
1.510799,1.478271
1.267475,1.592754
1.441205,0.294167
0.606720,1.261727
1.082670,-1.447927
1.457210,-1.304894
2.382783,1.296072
3.200523,-0.008566
-0.452130,0.206994
-0.398125,-0.051055
1.693585,1.652342
0.789969,-0.909211
1.391546,1.590974
2.974464,0.710548
1.966329,0.288211
2.150232,2.194064
0.939077,0.136056
1.485663,0.415019
0.674453,0.084641
3.467717,0.122027
2.408379,1.774195
0.949797,1.411023
0.461514,0.451909
2.937893,-0.201386
1.582092,0.069272
2.835612,0.523306
1.063641,1.595438
2.203108,1.500484
1.586823,-0.097056
2.410079,1.186255
0.952853,1.533119
1.185930,1.724108
2.032141,0.186738
0.877010,1.251683
-0.448584,-0.434864
1.132710,1.328675
1.778626,2.155303
2.518483,0.862061
1.683175,-0.347403
0.186484,0.622826
0.614587,0.536229
1.002400,-0.927363
0.962880,-0.577772
1.572552,-0.154490
0.869380,1.602769
1.578554,-1.254525
0.611801,0.362491
-0.196305,0.559260
0.703854,0.380893
0.419811,0.137151
1.768970,0.349253
2.651731,1.102397
1.097302,-0.912515
1.195237,-1.037123
1.285032,1.702377
1.998390,0.580128
0.725091,-0.994594
2.086464,1.967033
0.517237,0.237741
0.830672,1.367459
3.253199,0.163630
2.557508,1.480824
1.145116,-1.108563
1.139171,-1.179111
1.064645,1.409176
2.658065,1.118877
2.599345,0.040273
1.478224,-1.114165
0.921417,1.720888
3.218418,-0.770308
-0.921030,-0.086121
0.981007,0.210482
1.622632,-0.131122
0.349660,0.394638
2.882560,-0.522375
2.391751,2.012804
0.986526,1.361327
1.327145,0.007590
2.584504,0.840500
2.739271,-0.317910
1.364971,0.196022
0.393023,0.541184
0.793459,1.223178
1.192376,-1.118897
1.169158,1.485038
2.074140,1.834586
0.866987,-1.015356
3.344626,0.104276
1.232805,-0.361508
2.896720,0.208916
2.901880,0.587587
1.591694,-0.110263
0.643030,1.125353
1.559499,1.979251
2.494225,1.025379
-0.472775,-0.051761
2.986383,0.132666
2.355585,1.077879
0.142815,0.477239
3.013643,0.383111
3.097463,-0.103484
-0.800084,-0.039635
-0.181456,-0.003084
1.193139,0.344583
2.894142,-0.527037
2.159936,1.174381
1.597033,-0.733698
1.480621,0.992526
2.585073,0.970139
2.358554,0.920319
1.219685,-0.601093
-0.434889,-0.086826
1.377106,0.158605
0.937186,-0.989488
1.118010,-0.315362
0.270487,0.734671
0.698993,-0.997641
1.395683,-1.199506
2.927409,1.026393
1.499056,-1.156734
-0.583205,0.003756
0.362146,0.562808
1.911850,2.340935
1.154221,1.729759
1.883054,1.677416
1.551991,-0.847042
1.509758,0.340201
0.607780,0.562816
2.428556,0.807813
1.073537,-1.081859
1.921689,0.763144
-0.154042,-0.199518
0.445393,0.409367
3.181530,-0.567000
1.089074,-1.312895
-0.864630,-0.039459
2.060194,1.085722
2.070576,0.267308
1.245234,-0.216732
3.076725,0.182086
1.727561,-0.044811
3.025890,0.618930
0.631041,0.348458
1.673291,-0.061439
0.643099,1.414809
2.717889,1.062335
1.964908,2.002387
3.006878,0.246446
1.983131,1.803946
0.844881,-1.030826
0.214841,0.465778
0.282304,0.358473
0.677924,1.575646
1.202814,1.631592
1.376550,0.085247
0.993412,1.507481
0.617601,-1.064302
2.614223,1.217316
2.023456,1.785627
0.951047,1.118270
1.957136,1.870865
1.296917,-0.258083
0.219160,0.508008
0.706319,-1.052393
-0.383472,0.220339
3.010893,-0.161199
2.849588,0.299655
2.652532,0.969699
-0.607036,-0.175108
1.520953,0.528869
2.327510,1.081386
0.857966,1.818368
2.294835,1.750260
0.987243,-0.737567
0.811905,1.887024
0.645958,1.324777
2.470373,1.021489
2.043050,1.715625
2.464801,0.166285
-0.433529,0.043551
0.652799,0.601350
1.813776,1.385199
0.632864,1.207671
1.818310,2.045566
2.670551,0.277775
3.157254,-0.142305
0.798950,0.424343
-0.956050,0.121445
3.104325,1.085832
-0.534540,-0.075905
1.164459,-0.788231
2.872070,1.281237
0.627412,-0.200629
3.029348,0.605502
2.508052,0.849539
-0.524097,-0.289232
1.252522,0.442606
-0.085011,-0.333392
0.746254,0.544811
0.653369,0.378750
0.528202,0.514844
3.200479,-0.054212
0.896418,-0.923164
2.026985,2.099635
1.284009,-1.157618
1.276590,1.905823
2.798334,0.393676
1.832070,1.957019
2.301139,0.782229
0.603178,0.356941
2.759730,-0.165411
2.155383,2.482422
0.766435,1.350007
0.800234,0.817898
3.327716,-0.108460
1.038025,1.516882
1.585988,-0.833254
-0.274828,0.206131
1.566533,0.393721
1.462965,-1.042341
2.496629,0.882830
0.480621,0.607183
1.795680,2.009020
1.238188,1.283676
1.008544,1.360966
-0.659294,0.115815
0.944404,-1.095859
1.066892,-0.156509
0.637141,0.263170
2.460468,1.005901
2.658259,1.169325
1.374919,-0.002832
1.951488,2.118390
-0.253346,0.152084
1.450332,0.267061
2.951183,0.988137
2.205087,1.676112
0.582185,1.922106
0.958968,1.129769
1.098888,1.572254
2.307878,1.011343
2.187607,2.058264
1.049056,-0.921454
-0.116674,-0.359292
1.100893,-0.761258
-0.263302,-0.014376
0.576379,0.488850
0.463396,0.478324
0.508773,1.164120
2.367286,1.207918
1.177644,0.010865
1.150945,-1.022019
2.626645,1.233622
0.496026,0.643218
-0.457784,0.169174
1.553212,-0.006848
0.449890,0.389965
0.888190,1.437964
0.962514,-0.521316
1.613948,-1.362384
3.135373,-0.093231
1.498037,-0.006793
0.663274,-1.094785
3.005170,0.460159
2.625781,0.930502
3.225040,-0.213618
1.908515,1.816734
2.618121,1.046906
1.117168,-0.930065
1.009610,1.280698
1.378077,-0.914259
1.016785,1.719972
1.469993,-0.111474
0.368869,0.602079
2.840343,0.060816
2.044461,1.704181
2.167840,1.988594
2.534551,1.182131
0.548473,-0.971135
1.212968,1.274356
1.072717,0.074645
2.226135,1.808059
1.065197,-1.032960
1.385275,0.168287
-0.052817,0.047665
2.029631,0.954333
-0.715736,0.031329
-0.442895,0.118091
3.082098,0.108656
2.794565,-0.223592
0.408383,0.499284
2.082310,2.526545
2.008430,2.084225
-0.393900,-0.109753
1.805012,0.366643
1.053265,1.693711
-0.211870,0.016962
3.115079,-0.166273
1.007356,-1.182674
0.950325,-1.101100
2.956122,0.917841
1.131406,1.504168
2.462326,0.048348
3.144717,-0.186047
1.366189,1.849795
0.921189,1.161098
2.556430,0.148015
-0.811905,-0.027438
1.399071,-1.034629
2.331974,2.138645
3.166604,0.280302
1.918448,-0.088069
1.981914,1.780509
1.960482,2.100391
1.714567,2.348023